0.000000 	 4.213486 	 4.213486 
0.000000 	 7.979069 	 7.979069 
0.000000 	 4.158143 	 4.158143 
0.000000 	 4.269836 	 4.269836 
0.000000 	 64.690209 	 64.690209 
0.000000 	 5.797056 	 5.797056 
0.000000 	 5.405343 	 5.405343 
0.000000 	 4.275151 	 4.275151 
0.000000 	 4.782214 	 4.782214 
0.000000 	 4.710440 	 4.710440 
0.000000 	 7.906131 	 7.906131 
0.000000 	 4.154973 	 4.154973 
0.000000 	 103.766695 	 103.766695 
0.000000 	 5.812154 	 5.812154 
0.000000 	 5.398555 	 5.398555 
0.000000 	 103.870512 	 103.870512 
0.000000 	 4.162643 	 4.162643 
0.000000 	 4.180172 	 4.180172 
0.000000 	 104.045403 	 104.045403 
0.000000 	 4.202942 	 4.202942 
0.000000 	 4.159113 	 4.159113 
0.000000 	 57.291396 	 57.291396 
0.000000 	 5.763973 	 5.763973 
0.000000 	 104.153919 	 104.153919 
0.000000 	 104.122932 	 104.122932 
0.000000 	 104.979120 	 104.979120 
0.000000 	 4.584366 	 4.584366 
0.000000 	 9.197375 	 9.197375 
0.000000 	 58.762213 	 58.762213 
0.000000 	 4.196315 	 4.196315 
0.000000 	 5.783482 	 5.783482 
0.000000 	 103.955669 	 103.955669 
0.000000 	 104.062220 	 104.062220 
0.000000 	 61.056421 	 61.056421 
0.000000 	 146.968003 	 146.968003 
0.000000 	 104.030003 	 104.030003 
0.000000 	 104.218468 	 104.218468 
0.000000 	 104.045952 	 104.045952 
0.000000 	 6.116714 	 6.116714 
0.000000 	 18.552731 	 18.552731 
0.000000 	 104.034360 	 104.034360 
0.000000 	 104.102407 	 104.102407 
0.000000 	 60.453990 	 60.453990 
0.000000 	 150.765883 	 150.765883 
0.000000 	 16.294637 	 16.294637 
0.000000 	 10.622290 	 10.622290 
0.000000 	 103.906799 	 103.906799 
0.000000 	 4.884327 	 4.884327 
0.000000 	 11.125335 	 11.125335 
0.000000 	 10.820445 	 10.820445 
0.000000 	 103.992657 	 103.992657 
0.000000 	 104.104758 	 104.104758 
0.000000 	 60.808729 	 60.808729 
0.000000 	 156.910833 	 156.910833 
0.000000 	 4.914152 	 4.914152 
0.000000 	 4.160511 	 4.160511 
0.000000 	 103.937763 	 103.937763 
0.000000 	 58.557561 	 58.557561 
0.000000 	 4.161102 	 4.161102 
0.000000 	 103.965990 	 103.965990 
0.000000 	 104.063112 	 104.063112 
0.000000 	 104.125896 	 104.125896 
0.000000 	 152.234887 	 152.234887 
0.000000 	 103.950177 	 103.950177 
0.000000 	 103.750688 	 103.750688 
0.000000 	 18.353378 	 18.353378 
0.000000 	 104.045993 	 104.045993 
0.000000 	 6.478072 	 6.478072 
0.000000 	 5.248762 	 5.248762 
0.000000 	 14.561883 	 14.561883 
0.000000 	 207.889111 	 207.889111 
0.000000 	 104.154376 	 104.154376 
0.000000 	 13.104443 	 13.104443 
0.000000 	 104.056295 	 104.056295 
0.000000 	 16.484280 	 16.484280 
0.000000 	 108.104674 	 108.104674 
0.000000 	 6.087363 	 6.087363 
0.000000 	 4.163021 	 4.163021 
0.000000 	 4.945364 	 4.945364 
0.000000 	 104.957066 	 104.957066 
0.000000 	 207.954059 	 207.954059 
0.000000 	 104.249367 	 104.249367 
0.000000 	 108.100385 	 108.100385 
0.000000 	 4.163117 	 4.163117 
0.000000 	 104.939057 	 104.939057 
0.000000 	 19.228891 	 19.228891 
0.000000 	 4.615378 	 4.615378 
0.000000 	 104.660174 	 104.660174 
0.000000 	 10.904973 	 10.904973 
0.000000 	 11.517774 	 11.517774 
0.000000 	 305.688298 	 305.688298 
0.000000 	 108.266552 	 108.266552 
0.000000 	 104.930229 	 104.930229 
0.000000 	 17.104137 	 17.104137 
0.000000 	 4.645613 	 4.645613 
0.000000 	 7.546935 	 7.546935 
0.000000 	 4.626253 	 4.626253 
0.000000 	 13.218821 	 13.218821 
0.000000 	 4.144298 	 4.144298 
0.000000 	 104.191462 	 104.191462 
0.000000 	 104.119832 	 104.119832 
0.000000 	 108.144087 	 108.144087 
0.000000 	 4.493242 	 4.493242 
0.000000 	 13.926012 	 13.926012 
0.000000 	 103.932859 	 103.932859 
0.000000 	 104.046131 	 104.046131 
0.000000 	 5.071525 	 5.071525 
0.000000 	 4.870597 	 4.870597 
0.000000 	 103.982903 	 103.982903 
0.000000 	 79.563019 	 79.563019 
0.000000 	 208.265592 	 208.265592 
0.000000 	 108.195590 	 108.195590 
0.000000 	 104.182254 	 104.182254 
0.000000 	 104.270838 	 104.270838 
0.000000 	 121.277580 	 121.277580 
0.000000 	 4.973326 	 4.973326 
0.000000 	 11.621696 	 11.621696 
0.000000 	 5.327754 	 5.327754 
0.000000 	 8.556056 	 8.556056 
0.000000 	 4.248855 	 4.248855 
0.000000 	 104.063112 	 104.063112 
0.000000 	 108.018652 	 108.018652 
0.000000 	 103.961416 	 103.961416 
0.000000 	 103.792075 	 103.792075 
0.000000 	 11.673508 	 11.673508 
0.000000 	 5.168824 	 5.168824 
0.000000 	 12.854826 	 12.854826 
0.000000 	 7.628839 	 7.628839 
0.000000 	 11.101416 	 11.101416 
0.000000 	 42.363664 	 42.363664 
0.000000 	 104.111132 	 104.111132 
0.000000 	 107.955263 	 107.955263 
0.000000 	 103.937418 	 103.937418 
0.000000 	 11.194097 	 11.194097 
0.000000 	 29.507827 	 29.507827 
0.000000 	 104.259981 	 104.259981 
0.000000 	 104.119220 	 104.119220 
0.000000 	 5.968984 	 5.968984 
0.000000 	 15.196897 	 15.196897 
0.000000 	 4.365182 	 4.365182 
0.000000 	 155.313381 	 155.313381 
0.000000 	 107.987037 	 107.987037 
0.000000 	 10.635651 	 10.635651 
0.000000 	 104.114255 	 104.114255 
0.000000 	 4.344957 	 4.344957 
0.000000 	 106.626372 	 106.626372 
0.000000 	 61.006238 	 61.006238 
0.000000 	 104.070853 	 104.070853 
0.000000 	 103.910440 	 103.910440 
0.000000 	 61.634838 	 61.634838 
0.000000 	 305.539194 	 305.539194 
0.000000 	 108.474412 	 108.474412 
0.000000 	 9.819700 	 9.819700 
0.000000 	 104.038769 	 104.038769 
0.000000 	 103.920620 	 103.920620 
0.000000 	 100.559287 	 100.559287 
0.000000 	 10.803895 	 10.803895 
0.000000 	 4.238524 	 4.238524 
0.000000 	 4.377297 	 4.377297 
0.000000 	 106.238382 	 106.238382 
0.000000 	 103.932438 	 103.932438 
0.000000 	 108.123273 	 108.123273 
0.000000 	 4.396777 	 4.396777 
0.000000 	 4.428779 	 4.428779 
0.000000 	 104.036977 	 104.036977 
0.000000 	 11.640518 	 11.640518 
0.000000 	 5.355599 	 5.355599 
0.000000 	 32.403820 	 32.403820 
0.000000 	 12.692223 	 12.692223 
0.000000 	 4.266585 	 4.266585 
0.000000 	 104.310733 	 104.310733 
0.000000 	 4.404238 	 4.404238 
0.000000 	 11.717285 	 11.717285 
0.000000 	 34.652228 	 34.652228 
0.000000 	 12.300375 	 12.300375 
0.000000 	 21.257103 	 21.257103 
0.000000 	 107.963557 	 107.963557 
0.000000 	 4.189654 	 4.189654 
0.000000 	 15.449008 	 15.449008 
0.000000 	 15.239831 	 15.239831 
0.000000 	 104.228206 	 104.228206 
0.000000 	 11.759777 	 11.759777 
0.000000 	 106.741390 	 106.741390 
0.000000 	 107.932064 	 107.932064 
0.000000 	 12.075531 	 12.075531 
0.000000 	 14.225402 	 14.225402 
0.000000 	 89.686142 	 89.686142 
0.000000 	 5.554148 	 5.554148 
0.000000 	 4.279747 	 4.279747 
0.000000 	 21.706760 	 21.706760 
0.000000 	 107.864521 	 107.864521 
0.000000 	 21.912567 	 21.912567 
0.000000 	 108.068214 	 108.068214 
0.000000 	 13.563273 	 13.563273 
0.000000 	 20.248699 	 20.248699 
0.000000 	 5.235899 	 5.235899 
0.000000 	 108.469316 	 108.469316 
0.000000 	 24.306710 	 24.306710 
0.000000 	 107.698953 	 107.698953 
0.000000 	 104.323292 	 104.323292 
0.000000 	 108.002013 	 108.002013 
0.000000 	 19.855936 	 19.855936 
0.000000 	 107.900513 	 107.900513 
0.000000 	 108.354879 	 108.354879 
0.000000 	 104.323740 	 104.323740 
0.000000 	 4.153099 	 4.153099 
0.000000 	 10.955048 	 10.955048 
0.000000 	 16.461108 	 16.461108 
0.000000 	 4.212369 	 4.212369 
0.000000 	 28.699744 	 28.699744 
0.000000 	 107.880539 	 107.880539 
0.000000 	 108.005942 	 108.005942 
0.000000 	 108.357754 	 108.357754 
0.000000 	 104.357121 	 104.357121 
0.000000 	 11.636894 	 11.636894 
0.000000 	 103.964973 	 103.964973 
0.000000 	 107.784901 	 107.784901 
0.000000 	 107.136691 	 107.136691 
0.000000 	 65.568540 	 65.568540 
0.000000 	 106.458228 	 106.458228 
0.000000 	 107.932064 	 107.932064 
0.000000 	 108.079057 	 108.079057 
0.000000 	 104.088611 	 104.088611 
0.000000 	 37.977737 	 37.977737 
0.000000 	 106.332093 	 106.332093 
0.000000 	 33.352855 	 33.352855 
0.000000 	 103.974997 	 103.974997 
0.000000 	 103.988895 	 103.988895 
0.000000 	 107.544767 	 107.544767 
0.000000 	 103.929670 	 103.929670 
0.000000 	 108.657535 	 108.657535 
0.000000 	 107.780077 	 107.780077 
0.000000 	 18.904841 	 18.904841 
0.000000 	 106.422892 	 106.422892 
0.000000 	 21.422583 	 21.422583 
0.000000 	 24.168864 	 24.168864 
0.000000 	 4.221796 	 4.221796 
0.000000 	 46.671486 	 46.671486 
0.000000 	 6.673868 	 6.673868 
0.000000 	 103.953304 	 103.953304 
0.000000 	 107.634755 	 107.634755 
0.000000 	 108.028441 	 108.028441 
0.000000 	 106.316648 	 106.316648 
0.000000 	 111.868268 	 111.868268 
0.000000 	 103.914574 	 103.914574 
0.000000 	 107.255577 	 107.255577 
0.000000 	 86.669679 	 86.669679 
0.000000 	 103.949845 	 103.949845 
0.000000 	 20.915108 	 20.915108 
0.000000 	 4.214133 	 4.214133 
0.000000 	 109.245126 	 109.245126 
0.000000 	 61.109810 	 61.109810 
0.000000 	 18.354820 	 18.354820 
0.000000 	 22.762270 	 22.762270 
0.000000 	 103.777640 	 103.777640 
0.000000 	 107.164502 	 107.164502 
0.000000 	 6.595508 	 6.595508 
0.000000 	 5.899038 	 5.899038 
0.000000 	 104.149585 	 104.149585 
0.000000 	 4.229349 	 4.229349 
0.000000 	 108.173294 	 108.173294 
0.000000 	 17.000802 	 17.000802 
0.000000 	 104.017401 	 104.017401 
0.000000 	 60.286307 	 60.286307 
0.000000 	 4.735589 	 4.735589 
0.000000 	 5.503588 	 5.503588 
0.000000 	 113.285536 	 113.285536 
0.000000 	 7.311580 	 7.311580 
0.000000 	 13.445026 	 13.445026 
0.000000 	 4.965182 	 4.965182 
0.000000 	 34.713055 	 34.713055 
0.000000 	 103.962409 	 103.962409 
0.000000 	 50.171385 	 50.171385 
0.000000 	 5.300607 	 5.300607 
0.000000 	 105.341163 	 105.341163 
0.000000 	 4.174836 	 4.174836 
0.000000 	 4.264219 	 4.264219 
0.000000 	 4.347550 	 4.347550 
0.000000 	 4.350697 	 4.350697 
0.000000 	 107.408212 	 107.408212 
0.000000 	 110.839943 	 110.839943 
0.000000 	 103.852369 	 103.852369 
0.000000 	 14.744439 	 14.744439 
0.000000 	 4.346019 	 4.346019 
0.000000 	 107.156168 	 107.156168 
0.000000 	 5.511279 	 5.511279 
0.000000 	 104.495711 	 104.495711 
0.000000 	 8.170953 	 8.170953 
0.000000 	 104.303022 	 104.303022 
0.000000 	 10.201298 	 10.201298 
0.000000 	 111.048697 	 111.048697 
0.000000 	 9.436522 	 9.436522 
0.000000 	 30.073548 	 30.073548 
0.000000 	 109.457311 	 109.457311 
0.000000 	 12.656157 	 12.656157 
0.000000 	 106.799154 	 106.799154 
0.000000 	 108.230696 	 108.230696 
0.000000 	 7.482255 	 7.482255 
0.000000 	 103.972283 	 103.972283 
0.000000 	 6.356262 	 6.356262 
0.000000 	 18.826693 	 18.826693 
0.000000 	 107.381628 	 107.381628 
0.000000 	 108.090751 	 108.090751 
0.000000 	 93.582936 	 93.582936 
0.000000 	 257.685165 	 257.685165 
0.000000 	 106.425464 	 106.425464 
0.000000 	 104.434830 	 104.434830 
0.000000 	 104.008958 	 104.008958 
0.000000 	 10.791147 	 10.791147 
0.000000 	 107.400601 	 107.400601 
0.000000 	 104.157720 	 104.157720 
0.000000 	 106.739283 	 106.739283 
0.000000 	 104.209611 	 104.209611 
0.000000 	 103.846499 	 103.846499 
0.000000 	 108.106194 	 108.106194 
0.000000 	 103.903788 	 103.903788 
0.000000 	 17.856898 	 17.856898 
0.000000 	 110.911243 	 110.911243 
0.000000 	 103.891279 	 103.891279 
0.000000 	 104.122987 	 104.122987 
0.000000 	 107.807803 	 107.807803 
0.000000 	 115.682752 	 115.682752 
0.000000 	 103.987717 	 103.987717 
0.000000 	 26.571250 	 26.571250 
0.000000 	 103.867804 	 103.867804 
0.000000 	 4.217897 	 4.217897 
0.000000 	 47.823384 	 47.823384 
0.000000 	 103.895727 	 103.895727 
0.000000 	 9.080550 	 9.080550 
0.000000 	 5.140117 	 5.140117 
0.000000 	 104.449057 	 104.449057 
0.000000 	 107.393267 	 107.393267 
0.000000 	 103.893430 	 103.893430 
0.000000 	 103.889490 	 103.889490 
0.000000 	 5.450762 	 5.450762 
0.000000 	 108.455333 	 108.455333 
0.000000 	 5.764419 	 5.764419 
0.000000 	 21.756641 	 21.756641 
0.000000 	 103.915619 	 103.915619 
0.000000 	 107.490795 	 107.490795 
0.000000 	 115.765532 	 115.765532 
0.000000 	 103.952759 	 103.952759 
0.000000 	 106.972279 	 106.972279 
0.000000 	 110.189909 	 110.189909 
0.000000 	 107.100762 	 107.100762 
0.000000 	 106.215496 	 106.215496 
0.000000 	 8.439779 	 8.439779 
0.000000 	 109.048361 	 109.048361 
0.000000 	 7.090206 	 7.090206 
0.000000 	 74.182284 	 74.182284 
0.000000 	 6.547140 	 6.547140 
0.000000 	 103.909874 	 103.909874 
0.000000 	 107.696618 	 107.696618 
0.000000 	 13.945606 	 13.945606 
0.000000 	 106.324004 	 106.324004 
0.000000 	 5.665458 	 5.665458 
0.000000 	 12.672873 	 12.672873 
0.000000 	 5.724655 	 5.724655 
0.000000 	 76.659746 	 76.659746 
0.000000 	 107.045064 	 107.045064 
0.000000 	 106.908131 	 106.908131 
0.000000 	 68.082624 	 68.082624 
0.000000 	 107.934454 	 107.934454 
0.000000 	 4.559333 	 4.559333 
0.000000 	 106.485366 	 106.485366 
0.000000 	 4.300562 	 4.300562 
0.000000 	 106.876775 	 106.876775 
0.000000 	 108.491653 	 108.491653 
0.000000 	 104.076557 	 104.076557 
0.000000 	 4.205886 	 4.205886 
0.000000 	 106.449402 	 106.449402 
0.000000 	 107.608433 	 107.608433 
0.000000 	 106.680448 	 106.680448 
0.000000 	 6.197104 	 6.197104 
0.000000 	 104.014894 	 104.014894 
0.000000 	 103.921773 	 103.921773 
0.000000 	 106.104726 	 106.104726 
0.000000 	 103.879216 	 103.879216 
0.000000 	 5.945865 	 5.945865 
0.000000 	 106.335645 	 106.335645 
0.000000 	 106.627758 	 106.627758 
0.000000 	 106.968515 	 106.968515 
0.000000 	 104.102184 	 104.102184 
0.000000 	 106.563510 	 106.563510 
0.000000 	 106.047516 	 106.047516 
0.000000 	 4.260706 	 4.260706 
0.000000 	 8.404336 	 8.404336 
0.000000 	 4.195089 	 4.195089 
0.000000 	 218.572877 	 218.572877 
0.000000 	 123.698389 	 123.698389 
0.000000 	 100.646056 	 100.646056 
0.000000 	 104.070862 	 104.070862 
0.000000 	 107.277792 	 107.277792 
0.000000 	 106.209447 	 106.209447 
0.000000 	 8.670735 	 8.670735 
0.000000 	 108.080200 	 108.080200 
0.000000 	 110.165123 	 110.165123 
0.000000 	 10.034355 	 10.034355 
0.000000 	 106.189644 	 106.189644 
0.000000 	 4.625863 	 4.625863 
0.000000 	 106.193833 	 106.193833 
0.000000 	 16.302561 	 16.302561 
0.000000 	 111.876302 	 111.876302 
0.000000 	 108.245826 	 108.245826 
0.000000 	 10.704477 	 10.704477 
0.000000 	 11.130693 	 11.130693 
0.000000 	 5.716602 	 5.716602 
0.000000 	 4.258983 	 4.258983 
0.000000 	 238.676404 	 238.676404 
0.000000 	 15.261708 	 15.261708 
0.000000 	 108.788255 	 108.788255 
0.000000 	 13.234619 	 13.234619 
0.000000 	 4.396532 	 4.396532 
0.000000 	 107.845594 	 107.845594 
0.000000 	 22.528119 	 22.528119 
0.000000 	 4.474557 	 4.474557 
0.000000 	 211.964144 	 211.964144 
0.000000 	 308.704204 	 308.704204 
0.000000 	 255.511850 	 255.511850 
0.000000 	 109.565259 	 109.565259 
0.000000 	 107.827515 	 107.827515 
0.000000 	 113.580419 	 113.580419 
0.000000 	 401.941801 	 401.941801 
0.000000 	 367.383975 	 367.383975 
0.000000 	 107.060756 	 107.060756 
0.000000 	 117.686391 	 117.686391 
0.000000 	 220.351968 	 220.351968 
0.000000 	 4.345470 	 4.345470 
0.000000 	 20.408634 	 20.408634 
0.000000 	 4.406331 	 4.406331 
0.000000 	 114.288816 	 114.288816 
0.000000 	 218.164309 	 218.164309 
0.000000 	 406.222383 	 406.222383 
0.000000 	 119.575393 	 119.575393 
0.000000 	 224.034856 	 224.034856 
0.000000 	 5.041393 	 5.041393 
0.000000 	 75.422587 	 75.422587 
0.000000 	 111.973136 	 111.973136 
0.000000 	 104.557267 	 104.557267 
0.000000 	 15.987231 	 15.987231 
0.000000 	 215.379719 	 215.379719 
0.000000 	 200.506148 	 200.506148 
0.000000 	 124.066787 	 124.066787 
0.000000 	 111.057505 	 111.057505 
0.000000 	 12.948461 	 12.948461 
0.000000 	 62.003547 	 62.003547 
0.000000 	 116.808677 	 116.808677 
0.000000 	 4.868475 	 4.868475 
0.000000 	 104.021911 	 104.021911 
0.000000 	 103.896095 	 103.896095 
0.000000 	 205.222035 	 205.222035 
0.000000 	 303.212121 	 303.212121 
0.000000 	 67.517400 	 67.517400 
0.000000 	 4.238467 	 4.238467 
0.000000 	 103.863774 	 103.863774 
0.000000 	 129.144832 	 129.144832 
0.000000 	 146.214915 	 146.214915 
0.000000 	 4.454569 	 4.454569 
0.000000 	 104.191296 	 104.191296 
0.000000 	 109.645131 	 109.645131 
0.000000 	 207.506716 	 207.506716 
0.000000 	 211.486875 	 211.486875 
0.000000 	 104.104382 	 104.104382 
0.000000 	 122.018322 	 122.018322 
0.000000 	 107.042317 	 107.042317 
0.000000 	 108.253180 	 108.253180 
0.000000 	 13.777918 	 13.777918 
0.000000 	 4.244770 	 4.244770 
0.000000 	 5.112402 	 5.112402 
0.000000 	 107.242966 	 107.242966 
0.000000 	 157.659441 	 157.659441 
0.000000 	 4.403563 	 4.403563 
0.000000 	 110.952432 	 110.952432 
0.000000 	 4.878617 	 4.878617 
0.000000 	 4.169114 	 4.169114 
0.000000 	 143.019673 	 143.019673 
0.000000 	 5.289276 	 5.289276 
0.000000 	 106.707727 	 106.707727 
0.000000 	 146.620792 	 146.620792 
0.000000 	 5.458549 	 5.458549 
0.000000 	 369.527527 	 369.527527 
0.000000 	 4.815757 	 4.815757 
0.000000 	 106.377465 	 106.377465 
0.000000 	 196.283877 	 196.283877 
0.000000 	 13.237423 	 13.237423 
0.000000 	 11.685159 	 11.685159 
0.000000 	 75.534012 	 75.534012 
0.000000 	 4.928100 	 4.928100 
0.000000 	 8.926418 	 8.926418 
0.000000 	 86.560671 	 86.560671 
0.000000 	 215.954233 	 215.954233 
0.000000 	 62.616373 	 62.616373 
0.000000 	 164.036802 	 164.036802 
0.000000 	 172.112053 	 172.112053 
0.000000 	 150.515382 	 150.515382 
0.000000 	 4.151524 	 4.151524 
0.000000 	 13.568906 	 13.568906 
0.000000 	 5.141335 	 5.141335 
0.000000 	 59.106552 	 59.106552 
0.000000 	 107.040724 	 107.040724 
0.000000 	 228.742979 	 228.742979 
0.000000 	 163.766543 	 163.766543 
0.000000 	 173.788609 	 173.788609 
0.000000 	 145.508441 	 145.508441 
0.000000 	 107.013114 	 107.013114 
0.000000 	 104.005111 	 104.005111 
0.000000 	 109.842829 	 109.842829 
0.000000 	 21.250034 	 21.250034 
0.000000 	 107.965022 	 107.965022 
0.000000 	 220.962523 	 220.962523 
0.000000 	 256.110877 	 256.110877 
0.000000 	 89.652923 	 89.652923 
0.000000 	 162.042187 	 162.042187 
0.000000 	 107.653973 	 107.653973 
0.000000 	 226.825129 	 226.825129 
0.000000 	 43.767433 	 43.767433 
0.000000 	 107.259254 	 107.259254 
0.000000 	 254.663002 	 254.663002 
0.000000 	 319.698679 	 319.698679 
0.000000 	 4.685159 	 4.685159 
0.000000 	 248.297161 	 248.297161 
0.000000 	 129.972180 	 129.972180 
0.000000 	 217.877681 	 217.877681 
0.000000 	 174.731001 	 174.731001 
0.000000 	 315.430173 	 315.430173 
0.000000 	 109.377972 	 109.377972 
0.000000 	 64.566435 	 64.566435 
0.000000 	 4.790082 	 4.790082 
0.000000 	 237.460146 	 237.460146 
0.000000 	 35.606951 	 35.606951 
0.000000 	 223.681954 	 223.681954 
0.000000 	 193.669705 	 193.669705 
0.000000 	 313.437164 	 313.437164 
0.000000 	 91.324945 	 91.324945 
0.000000 	 40.539014 	 40.539014 
0.000000 	 179.335201 	 179.335201 
0.000000 	 108.004472 	 108.004472 
0.000000 	 21.927730 	 21.927730 
0.000000 	 4.886916 	 4.886916 
0.000000 	 14.698277 	 14.698277 
0.000000 	 106.216546 	 106.216546 
0.000000 	 324.155073 	 324.155073 
0.000000 	 108.985392 	 108.985392 
0.000000 	 4.518077 	 4.518077 
0.000000 	 103.926112 	 103.926112 
0.000000 	 8.889661 	 8.889661 
0.000000 	 108.111014 	 108.111014 
0.000000 	 4.240955 	 4.240955 
0.000000 	 6.237388 	 6.237388 
0.000000 	 109.894350 	 109.894350 
0.000000 	 202.263806 	 202.263806 
0.000000 	 325.412954 	 325.412954 
0.000000 	 67.122660 	 67.122660 
0.000000 	 142.960772 	 142.960772 
0.000000 	 106.922339 	 106.922339 
0.000000 	 184.145560 	 184.145560 
0.000000 	 107.064112 	 107.064112 
0.000000 	 160.044011 	 160.044011 
0.000000 	 95.769970 	 95.769970 
0.000000 	 107.547860 	 107.547860 
0.000000 	 188.582497 	 188.582497 
0.000000 	 363.934732 	 363.934732 
0.000000 	 106.744017 	 106.744017 
0.000000 	 106.616693 	 106.616693 
0.000000 	 108.641089 	 108.641089 
0.000000 	 116.164107 	 116.164107 
0.000000 	 106.280502 	 106.280502 
0.000000 	 109.216437 	 109.216437 
0.000000 	 33.658525 	 33.658525 
0.000000 	 106.017504 	 106.017504 
0.000000 	 157.689101 	 157.689101 
0.000000 	 346.130784 	 346.130784 
0.000000 	 106.538035 	 106.538035 
0.000000 	 109.751301 	 109.751301 
0.000000 	 106.068609 	 106.068609 
0.000000 	 107.921723 	 107.921723 
0.000000 	 107.373653 	 107.373653 
0.000000 	 109.413850 	 109.413850 
0.000000 	 106.772472 	 106.772472 
0.000000 	 106.136642 	 106.136642 
0.000000 	 258.594193 	 258.594193 
0.000000 	 307.822155 	 307.822155 
0.000000 	 108.281460 	 108.281460 
0.000000 	 106.666113 	 106.666113 
0.000000 	 110.077096 	 110.077096 
0.000000 	 112.824965 	 112.824965 
0.000000 	 107.184613 	 107.184613 
0.000000 	 22.663954 	 22.663954 
0.000000 	 308.673507 	 308.673507 
0.000000 	 73.696108 	 73.696108 
0.000000 	 309.174171 	 309.174171 
0.000000 	 222.230203 	 222.230203 
0.000000 	 107.482837 	 107.482837 
0.000000 	 15.971080 	 15.971080 
0.000000 	 264.963151 	 264.963151 
0.000000 	 47.154065 	 47.154065 
0.000000 	 4.266300 	 4.266300 
0.000000 	 4.150006 	 4.150006 
0.000000 	 212.496657 	 212.496657 
0.000000 	 207.877053 	 207.877053 
0.000000 	 182.574724 	 182.574724 
0.000000 	 74.254355 	 74.254355 
0.000000 	 115.283857 	 115.283857 
0.000000 	 4.208145 	 4.208145 
0.000000 	 54.503810 	 54.503810 
0.000000 	 35.673832 	 35.673832 
0.000000 	 121.311996 	 121.311996 
0.000000 	 4.148344 	 4.148344 
0.000000 	 118.451571 	 118.451571 
0.000000 	 106.884692 	 106.884692 
0.000000 	 268.957132 	 268.957132 
0.000000 	 107.924237 	 107.924237 
0.000000 	 4.161872 	 4.161872 
0.000000 	 46.957709 	 46.957709 
0.000000 	 15.134739 	 15.134739 
0.000000 	 6.767260 	 6.767260 
0.000000 	 4.362970 	 4.362970 
0.000000 	 13.264063 	 13.264063 
0.000000 	 322.809055 	 322.809055 
0.000000 	 170.440210 	 170.440210 
0.000000 	 234.973715 	 234.973715 
0.000000 	 112.879384 	 112.879384 
0.000000 	 108.589077 	 108.589077 
0.000000 	 106.403233 	 106.403233 
0.000000 	 240.278651 	 240.278651 
0.000000 	 14.323337 	 14.323337 
0.000000 	 9.856510 	 9.856510 
0.000000 	 107.214128 	 107.214128 
0.000000 	 4.986370 	 4.986370 
0.000000 	 7.269426 	 7.269426 
0.000000 	 127.448441 	 127.448441 
0.000000 	 107.414827 	 107.414827 
0.000000 	 107.776038 	 107.776038 
0.000000 	 7.264418 	 7.264418 
0.000000 	 7.142926 	 7.142926 
0.000000 	 106.972100 	 106.972100 
0.000000 	 6.113588 	 6.113588 
0.000000 	 34.588838 	 34.588838 
0.000000 	 45.955058 	 45.955058 
0.000000 	 106.284053 	 106.284053 
0.000000 	 349.902950 	 349.902950 
0.000000 	 242.959258 	 242.959258 
0.000000 	 106.686151 	 106.686151 
0.000000 	 5.041410 	 5.041410 
0.000000 	 15.194825 	 15.194825 
0.000000 	 5.484503 	 5.484503 
0.000000 	 115.279824 	 115.279824 
0.000000 	 228.969853 	 228.969853 
0.000000 	 4.982398 	 4.982398 
0.000000 	 39.913296 	 39.913296 
0.000000 	 286.299926 	 286.299926 
0.000000 	 215.186798 	 215.186798 
0.000000 	 6.306214 	 6.306214 
0.000000 	 227.997057 	 227.997057 
0.000000 	 4.453488 	 4.453488 
0.000000 	 108.239048 	 108.239048 
0.000000 	 106.008235 	 106.008235 
0.000000 	 207.820126 	 207.820126 
0.000000 	 307.302345 	 307.302345 
0.000000 	 115.200052 	 115.200052 
0.000000 	 349.902950 	 349.902950 
0.000000 	 228.969853 	 228.969853 
0.000000 	 109.693405 	 109.693405 
0.000000 	 326.340902 	 326.340902 
0.000000 	 294.932012 	 294.932012 
0.000000 	 27.284785 	 27.284785 
0.000000 	 108.702970 	 108.702970 
0.000000 	 205.118455 	 205.118455 
0.000000 	 107.263374 	 107.263374 
0.000000 	 106.883372 	 106.883372 
0.000000 	 309.053148 	 309.053148 
0.000000 	 217.306594 	 217.306594 
0.000000 	 110.525163 	 110.525163 
0.000000 	 227.925509 	 227.925509 
0.000000 	 312.400170 	 312.400170 
0.000000 	 189.050999 	 189.050999 
0.000000 	 22.315891 	 22.315891 
0.000000 	 226.493565 	 226.493565 
0.000000 	 106.833402 	 106.833402 
0.000000 	 172.967896 	 172.967896 
0.000000 	 350.006408 	 350.006408 
0.000000 	 219.414014 	 219.414014 
0.000000 	 306.382769 	 306.382769 
0.000000 	 12.178625 	 12.178625 
0.000000 	 205.253102 	 205.253102 
0.000000 	 68.986983 	 68.986983 
0.000000 	 7.592478 	 7.592478 
0.000000 	 227.148407 	 227.148407 
0.000000 	 413.143612 	 413.143612 
0.000000 	 97.478987 	 97.478987 
0.000000 	 106.791182 	 106.791182 
0.000000 	 112.969119 	 112.969119 
0.000000 	 107.230611 	 107.230611 
0.000000 	 105.987990 	 105.987990 
0.000000 	 109.813496 	 109.813496 
0.000000 	 108.101404 	 108.101404 
0.000000 	 106.462299 	 106.462299 
0.000000 	 120.621004 	 120.621004 
0.000000 	 5.784402 	 5.784402 
0.000000 	 4.153040 	 4.153040 
0.000000 	 310.624468 	 310.624468 
0.000000 	 108.329309 	 108.329309 
0.000000 	 123.898280 	 123.898280 
0.000000 	 112.750163 	 112.750163 
0.000000 	 77.923351 	 77.923351 
0.000000 	 5.241264 	 5.241264 
0.000000 	 23.308786 	 23.308786 
0.000000 	 59.587618 	 59.587618 
0.000000 	 4.162284 	 4.162284 
0.000000 	 306.576443 	 306.576443 
0.000000 	 280.529946 	 280.529946 
0.000000 	 124.399347 	 124.399347 
0.000000 	 265.782842 	 265.782842 
0.000000 	 32.089182 	 32.089182 
0.000000 	 4.160868 	 4.160868 
0.000000 	 64.529804 	 64.529804 
0.000000 	 31.561717 	 31.561717 
0.000000 	 21.516797 	 21.516797 
0.000000 	 23.180980 	 23.180980 
0.000000 	 257.479409 	 257.479409 
0.000000 	 307.245791 	 307.245791 
0.000000 	 227.038100 	 227.038100 
0.000000 	 37.911652 	 37.911652 
0.000000 	 21.082734 	 21.082734 
0.000000 	 6.086563 	 6.086563 
0.000000 	 229.871111 	 229.871111 
0.000000 	 118.636525 	 118.636525 
0.000000 	 20.404175 	 20.404175 
0.000000 	 137.511133 	 137.511133 
0.000000 	 4.126957 	 4.126957 
0.000000 	 108.631656 	 108.631656 
0.000000 	 5.298809 	 5.298809 
0.000000 	 35.827390 	 35.827390 
0.000000 	 108.361147 	 108.361147 
0.000000 	 4.142118 	 4.142118 
0.000000 	 60.680025 	 60.680025 
0.000000 	 109.771969 	 109.771969 
0.000000 	 156.045429 	 156.045429 
0.000000 	 110.041934 	 110.041934 
0.000000 	 4.132520 	 4.132520 
0.000000 	 5.273165 	 5.273165 
0.000000 	 108.499695 	 108.499695 
0.000000 	 178.785234 	 178.785234 
0.000000 	 110.007115 	 110.007115 
0.000000 	 4.133629 	 4.133629 
0.000000 	 255.302762 	 255.302762 
0.000000 	 108.368057 	 108.368057 
0.000000 	 4.138463 	 4.138463 
0.000000 	 4.162049 	 4.162049 
0.000000 	 4.167255 	 4.167255 
0.000000 	 109.234408 	 109.234408 
0.000000 	 109.693112 	 109.693112 
0.000000 	 108.139762 	 108.139762 
0.000000 	 4.129749 	 4.129749 
0.000000 	 5.253750 	 5.253750 
0.000000 	 17.818576 	 17.818576 
0.000000 	 4.148312 	 4.148312 
0.000000 	 220.831707 	 220.831707 
0.000000 	 107.370189 	 107.370189 
0.000000 	 4.433037 	 4.433037 
0.000000 	 107.813442 	 107.813442 
0.000000 	 8.673403 	 8.673403 
0.000000 	 26.928753 	 26.928753 
0.000000 	 108.814185 	 108.814185 
0.000000 	 5.002455 	 5.002455 
0.000000 	 4.107393 	 4.107393 
0.000000 	 4.140745 	 4.140745 
0.000000 	 108.936670 	 108.936670 
0.000000 	 4.155778 	 4.155778 
0.000000 	 11.743861 	 11.743861 
0.000000 	 214.256298 	 214.256298 
0.000000 	 6.898384 	 6.898384 
0.000000 	 108.777457 	 108.777457 
0.000000 	 4.142957 	 4.142957 
0.000000 	 218.842362 	 218.842362 
0.000000 	 107.428374 	 107.428374 
0.000000 	 213.012140 	 213.012140 
0.000000 	 160.879652 	 160.879652 
0.000000 	 10.564029 	 10.564029 
0.000000 	 117.245481 	 117.245481 
0.000000 	 111.798513 	 111.798513 
0.000000 	 278.176594 	 278.176594 
0.000000 	 107.892189 	 107.892189 
0.000000 	 4.160596 	 4.160596 
0.000000 	 107.598037 	 107.598037 
0.000000 	 106.793246 	 106.793246 
0.000000 	 106.847789 	 106.847789 
0.000000 	 300.415582 	 300.415582 
0.000000 	 9.378516 	 9.378516 
0.000000 	 107.156440 	 107.156440 
0.000000 	 357.026047 	 357.026047 
0.000000 	 110.171410 	 110.171410 
0.000000 	 4.157955 	 4.157955 
0.000000 	 109.394880 	 109.394880 
0.000000 	 28.996047 	 28.996047 
0.000000 	 4.154679 	 4.154679 
0.000000 	 118.465010 	 118.465010 
0.000000 	 4.171481 	 4.171481 
0.000000 	 56.652853 	 56.652853 
0.000000 	 4.159577 	 4.159577 
0.000000 	 339.917286 	 339.917286 
0.000000 	 133.690048 	 133.690048 
0.000000 	 214.498448 	 214.498448 
0.000000 	 224.499429 	 224.499429 
0.000000 	 4.177360 	 4.177360 
0.000000 	 63.925457 	 63.925457 
0.000000 	 108.124725 	 108.124725 
0.000000 	 108.899662 	 108.899662 
0.000000 	 106.717942 	 106.717942 
0.000000 	 4.165224 	 4.165224 
0.000000 	 261.611799 	 261.611799 
0.000000 	 226.946078 	 226.946078 
0.000000 	 104.895073 	 104.895073 
0.000000 	 47.582926 	 47.582926 
0.000000 	 108.908630 	 108.908630 
0.000000 	 107.383400 	 107.383400 
0.000000 	 39.759973 	 39.759973 
0.000000 	 6.030752 	 6.030752 
0.000000 	 18.327281 	 18.327281 
0.000000 	 262.175941 	 262.175941 
0.000000 	 222.876014 	 222.876014 
0.000000 	 45.468164 	 45.468164 
0.000000 	 137.983363 	 137.983363 
0.000000 	 8.327220 	 8.327220 
0.000000 	 214.164773 	 214.164773 
0.000000 	 107.658608 	 107.658608 
0.000000 	 109.563054 	 109.563054 
0.000000 	 73.901022 	 73.901022 
0.000000 	 107.837028 	 107.837028 
0.000000 	 7.299633 	 7.299633 
0.000000 	 324.798771 	 324.798771 
0.000000 	 107.972013 	 107.972013 
0.000000 	 110.160540 	 110.160540 
0.000000 	 143.029020 	 143.029020 
0.000000 	 8.027831 	 8.027831 
0.000000 	 107.032906 	 107.032906 
0.000000 	 106.243371 	 106.243371 
0.000000 	 108.388922 	 108.388922 
0.000000 	 109.630085 	 109.630085 
0.000000 	 39.849222 	 39.849222 
0.000000 	 311.968211 	 311.968211 
0.000000 	 255.294064 	 255.294064 
0.000000 	 106.058867 	 106.058867 
0.000000 	 67.426357 	 67.426357 
0.000000 	 11.150213 	 11.150213 
0.000000 	 259.242323 	 259.242323 
0.000000 	 152.142529 	 152.142529 
0.000000 	 106.808871 	 106.808871 
0.000000 	 52.118927 	 52.118927 
0.000000 	 106.953182 	 106.953182 
0.000000 	 336.742413 	 336.742413 
0.000000 	 106.758792 	 106.758792 
0.000000 	 40.322856 	 40.322856 
0.000000 	 259.525936 	 259.525936 
0.000000 	 44.752744 	 44.752744 
0.000000 	 357.093170 	 357.093170 
0.000000 	 189.918009 	 189.918009 
0.000000 	 4.135159 	 4.135159 
0.000000 	 4.416223 	 4.416223 
0.000000 	 4.289498 	 4.289498 
0.000000 	 255.993591 	 255.993591 
0.000000 	 10.536214 	 10.536214 
0.000000 	 257.134298 	 257.134298 
0.000000 	 296.773046 	 296.773046 
0.000000 	 4.670569 	 4.670569 
0.000000 	 302.255759 	 302.255759 
0.000000 	 212.989580 	 212.989580 
0.000000 	 225.904135 	 225.904135 
0.000000 	 271.151659 	 271.151659 
0.000000 	 5.753782 	 5.753782 
0.000000 	 205.155960 	 205.155960 
0.000000 	 428.923775 	 428.923775 
0.000000 	 315.911343 	 315.911343 
0.000000 	 250.062144 	 250.062144 
0.000000 	 363.549089 	 363.549089 
0.000000 	 205.441381 	 205.441381 
0.000000 	 55.823247 	 55.823247 
0.000000 	 117.682250 	 117.682250 
0.000000 	 17.899543 	 17.899543 
0.000000 	 110.391286 	 110.391286 
0.000000 	 175.739914 	 175.739914 
0.000000 	 357.943455 	 357.943455 
0.000000 	 281.451029 	 281.451029 
0.000000 	 108.644538 	 108.644538 
0.000000 	 403.128038 	 403.128038 
0.000000 	 300.858063 	 300.858063 
0.000000 	 309.646837 	 309.646837 
0.000000 	 291.547988 	 291.547988 
0.000000 	 107.425012 	 107.425012 
0.000000 	 29.632944 	 29.632944 
