0.000000 	 12.466427 	 12.466427 
0.000000 	 4.150897 	 4.150897 
0.000000 	 4.149857 	 4.149857 
0.000000 	 4.153875 	 4.153875 
0.000000 	 4.294599 	 4.294599 
0.000000 	 4.153682 	 4.153682 
0.000000 	 4.219063 	 4.219063 
0.000000 	 4.149216 	 4.149216 
0.000000 	 4.145389 	 4.145389 
0.000000 	 4.146811 	 4.146811 
0.000000 	 13.374929 	 13.374929 
0.000000 	 4.154451 	 4.154451 
0.000000 	 4.154139 	 4.154139 
0.000000 	 4.219674 	 4.219674 
0.000000 	 4.143550 	 4.143550 
0.000000 	 4.147811 	 4.147811 
0.000000 	 6.688601 	 6.688601 
0.000000 	 4.141322 	 4.141322 
0.000000 	 39.907570 	 39.907570 
0.000000 	 4.181707 	 4.181707 
0.000000 	 4.155755 	 4.155755 
0.000000 	 4.221824 	 4.221824 
0.000000 	 5.293139 	 5.293139 
0.000000 	 4.126311 	 4.126311 
0.000000 	 13.744120 	 13.744120 
0.000000 	 4.130839 	 4.130839 
0.000000 	 4.190247 	 4.190247 
0.000000 	 29.130669 	 29.130669 
0.000000 	 4.121354 	 4.121354 
0.000000 	 6.066664 	 6.066664 
0.000000 	 6.547483 	 6.547483 
0.000000 	 103.845523 	 103.845523 
0.000000 	 4.148580 	 4.148580 
0.000000 	 6.740924 	 6.740924 
0.000000 	 4.159561 	 4.159561 
0.000000 	 105.892675 	 105.892675 
0.000000 	 4.503043 	 4.503043 
0.000000 	 4.151260 	 4.151260 
0.000000 	 131.028338 	 131.028338 
0.000000 	 4.712742 	 4.712742 
0.000000 	 5.365293 	 5.365293 
0.000000 	 4.219932 	 4.219932 
0.000000 	 105.989072 	 105.989072 
0.000000 	 4.152923 	 4.152923 
0.000000 	 12.496023 	 12.496023 
0.000000 	 52.017404 	 52.017404 
0.000000 	 4.141321 	 4.141321 
0.000000 	 4.159162 	 4.159162 
0.000000 	 5.084148 	 5.084148 
0.000000 	 16.128351 	 16.128351 
0.000000 	 4.150956 	 4.150956 
0.000000 	 106.970479 	 106.970479 
0.000000 	 106.112864 	 106.112864 
0.000000 	 4.150300 	 4.150300 
0.000000 	 67.004449 	 67.004449 
0.000000 	 4.452933 	 4.452933 
0.000000 	 4.157430 	 4.157430 
0.000000 	 4.452024 	 4.452024 
0.000000 	 5.640710 	 5.640710 
0.000000 	 4.574976 	 4.574976 
0.000000 	 106.122241 	 106.122241 
0.000000 	 4.148847 	 4.148847 
0.000000 	 4.153313 	 4.153313 
0.000000 	 4.414508 	 4.414508 
0.000000 	 5.476056 	 5.476056 
0.000000 	 5.129603 	 5.129603 
0.000000 	 4.407204 	 4.407204 
0.000000 	 6.203525 	 6.203525 
0.000000 	 4.463451 	 4.463451 
0.000000 	 4.134101 	 4.134101 
0.000000 	 4.157553 	 4.157553 
0.000000 	 4.342948 	 4.342948 
0.000000 	 4.979754 	 4.979754 
0.000000 	 4.515657 	 4.515657 
0.000000 	 106.019940 	 106.019940 
0.000000 	 4.633438 	 4.633438 
0.000000 	 4.253522 	 4.253522 
0.000000 	 4.294895 	 4.294895 
0.000000 	 4.134632 	 4.134632 
0.000000 	 4.570968 	 4.570968 
0.000000 	 4.157731 	 4.157731 
0.000000 	 4.484554 	 4.484554 
0.000000 	 4.288425 	 4.288425 
0.000000 	 4.136289 	 4.136289 
0.000000 	 4.611846 	 4.611846 
0.000000 	 5.699241 	 5.699241 
0.000000 	 7.213686 	 7.213686 
0.000000 	 5.803181 	 5.803181 
0.000000 	 4.118277 	 4.118277 
0.000000 	 4.107906 	 4.107906 
0.000000 	 4.595661 	 4.595661 
0.000000 	 4.313891 	 4.313891 
0.000000 	 4.127392 	 4.127392 
0.000000 	 4.468681 	 4.468681 
0.000000 	 11.390035 	 11.390035 
0.000000 	 4.680459 	 4.680459 
0.000000 	 4.237367 	 4.237367 
0.000000 	 4.169190 	 4.169190 
0.000000 	 4.261242 	 4.261242 
0.000000 	 4.169439 	 4.169439 
0.000000 	 4.286731 	 4.286731 
0.000000 	 4.137930 	 4.137930 
0.000000 	 6.074500 	 6.074500 
0.000000 	 4.584950 	 4.584950 
0.000000 	 4.168758 	 4.168758 
0.000000 	 5.392655 	 5.392655 
0.000000 	 4.240530 	 4.240530 
0.000000 	 4.127716 	 4.127716 
0.000000 	 4.502005 	 4.502005 
0.000000 	 4.121879 	 4.121879 
0.000000 	 4.128597 	 4.128597 
0.000000 	 4.658212 	 4.658212 
0.000000 	 4.541188 	 4.541188 
0.000000 	 4.248430 	 4.248430 
0.000000 	 4.119931 	 4.119931 
0.000000 	 4.134939 	 4.134939 
0.000000 	 4.115916 	 4.115916 
0.000000 	 4.173131 	 4.173131 
0.000000 	 4.121227 	 4.121227 
0.000000 	 5.190900 	 5.190900 
0.000000 	 4.584553 	 4.584553 
0.000000 	 5.580284 	 5.580284 
0.000000 	 4.222760 	 4.222760 
0.000000 	 4.127220 	 4.127220 
0.000000 	 4.127175 	 4.127175 
0.000000 	 4.178771 	 4.178771 
0.000000 	 4.132755 	 4.132755 
0.000000 	 4.130319 	 4.130319 
0.000000 	 4.440872 	 4.440872 
0.000000 	 4.141092 	 4.141092 
0.000000 	 4.598892 	 4.598892 
0.000000 	 4.223167 	 4.223167 
0.000000 	 4.122475 	 4.122475 
0.000000 	 4.128838 	 4.128838 
0.000000 	 4.594778 	 4.594778 
0.000000 	 4.123752 	 4.123752 
0.000000 	 5.054265 	 5.054265 
0.000000 	 4.176660 	 4.176660 
0.000000 	 4.129176 	 4.129176 
0.000000 	 4.226990 	 4.226990 
0.000000 	 4.356206 	 4.356206 
0.000000 	 4.104014 	 4.104014 
0.000000 	 4.124849 	 4.124849 
0.000000 	 4.126301 	 4.126301 
0.000000 	 4.108363 	 4.108363 
0.000000 	 4.097212 	 4.097212 
0.000000 	 4.131428 	 4.131428 
0.000000 	 4.096009 	 4.096009 
0.000000 	 4.114326 	 4.114326 
0.000000 	 4.113939 	 4.113939 
0.000000 	 4.277105 	 4.277105 
0.000000 	 4.129448 	 4.129448 
0.000000 	 4.132427 	 4.132427 
0.000000 	 4.100719 	 4.100719 
0.000000 	 4.121004 	 4.121004 
0.000000 	 4.268464 	 4.268464 
0.000000 	 4.126636 	 4.126636 
0.000000 	 4.145184 	 4.145184 
0.000000 	 4.213703 	 4.213703 
0.000000 	 4.412777 	 4.412777 
0.000000 	 4.252040 	 4.252040 
0.000000 	 4.133855 	 4.133855 
0.000000 	 4.126681 	 4.126681 
0.000000 	 4.129558 	 4.129558 
0.000000 	 4.500909 	 4.500909 
0.000000 	 4.486233 	 4.486233 
0.000000 	 4.211539 	 4.211539 
0.000000 	 4.125892 	 4.125892 
0.000000 	 4.235294 	 4.235294 
0.000000 	 4.197805 	 4.197805 
0.000000 	 4.192887 	 4.192887 
0.000000 	 4.146658 	 4.146658 
0.000000 	 4.144061 	 4.144061 
0.000000 	 4.856235 	 4.856235 
0.000000 	 4.231192 	 4.231192 
0.000000 	 4.140635 	 4.140635 
0.000000 	 4.137336 	 4.137336 
0.000000 	 4.298948 	 4.298948 
0.000000 	 4.352204 	 4.352204 
0.000000 	 4.172966 	 4.172966 
0.000000 	 4.236318 	 4.236318 
0.000000 	 4.130317 	 4.130317 
0.000000 	 4.588107 	 4.588107 
0.000000 	 4.269141 	 4.269141 
0.000000 	 4.161135 	 4.161135 
0.000000 	 4.127544 	 4.127544 
0.000000 	 5.024247 	 5.024247 
0.000000 	 16.420968 	 16.420968 
0.000000 	 5.249150 	 5.249150 
0.000000 	 4.130840 	 4.130840 
0.000000 	 4.254367 	 4.254367 
0.000000 	 4.466593 	 4.466593 
0.000000 	 4.127188 	 4.127188 
0.000000 	 12.392457 	 12.392457 
0.000000 	 5.417710 	 5.417710 
0.000000 	 4.130603 	 4.130603 
0.000000 	 4.190120 	 4.190120 
0.000000 	 4.333630 	 4.333630 
0.000000 	 4.162734 	 4.162734 
0.000000 	 5.664984 	 5.664984 
0.000000 	 4.251459 	 4.251459 
0.000000 	 4.127149 	 4.127149 
0.000000 	 12.916078 	 12.916078 
0.000000 	 4.169280 	 4.169280 
0.000000 	 5.732577 	 5.732577 
0.000000 	 7.287920 	 7.287920 
0.000000 	 5.981579 	 5.981579 
0.000000 	 108.782725 	 108.782725 
0.000000 	 4.194475 	 4.194475 
0.000000 	 4.212481 	 4.212481 
0.000000 	 4.218879 	 4.218879 
0.000000 	 4.240006 	 4.240006 
0.000000 	 4.819811 	 4.819811 
0.000000 	 4.189036 	 4.189036 
0.000000 	 4.181000 	 4.181000 
0.000000 	 4.747124 	 4.747124 
0.000000 	 4.197347 	 4.197347 
0.000000 	 4.337873 	 4.337873 
0.000000 	 104.136410 	 104.136410 
0.000000 	 6.048850 	 6.048850 
0.000000 	 4.332983 	 4.332983 
0.000000 	 8.759840 	 8.759840 
0.000000 	 4.625914 	 4.625914 
0.000000 	 4.201823 	 4.201823 
0.000000 	 4.945391 	 4.945391 
0.000000 	 4.530706 	 4.530706 
0.000000 	 18.463161 	 18.463161 
0.000000 	 4.153530 	 4.153530 
0.000000 	 112.896418 	 112.896418 
0.000000 	 108.109089 	 108.109089 
0.000000 	 4.765229 	 4.765229 
0.000000 	 4.177787 	 4.177787 
0.000000 	 4.830561 	 4.830561 
0.000000 	 4.166385 	 4.166385 
0.000000 	 108.670240 	 108.670240 
0.000000 	 4.310096 	 4.310096 
0.000000 	 4.174901 	 4.174901 
0.000000 	 106.205629 	 106.205629 
0.000000 	 4.567648 	 4.567648 
0.000000 	 60.914987 	 60.914987 
0.000000 	 4.773614 	 4.773614 
0.000000 	 4.184694 	 4.184694 
0.000000 	 4.834495 	 4.834495 
0.000000 	 4.521547 	 4.521547 
0.000000 	 112.495062 	 112.495062 
0.000000 	 58.023483 	 58.023483 
0.000000 	 5.916632 	 5.916632 
0.000000 	 10.452575 	 10.452575 
0.000000 	 4.160487 	 4.160487 
0.000000 	 4.171795 	 4.171795 
0.000000 	 4.171192 	 4.171192 
0.000000 	 4.682684 	 4.682684 
0.000000 	 4.274032 	 4.274032 
0.000000 	 60.249013 	 60.249013 
0.000000 	 5.923095 	 5.923095 
0.000000 	 4.175080 	 4.175080 
0.000000 	 5.370026 	 5.370026 
0.000000 	 104.371386 	 104.371386 
0.000000 	 4.264199 	 4.264199 
0.000000 	 4.849771 	 4.849771 
0.000000 	 4.169388 	 4.169388 
0.000000 	 60.595929 	 60.595929 
0.000000 	 5.742216 	 5.742216 
0.000000 	 5.376953 	 5.376953 
0.000000 	 4.263727 	 4.263727 
0.000000 	 4.152392 	 4.152392 
0.000000 	 7.905668 	 7.905668 
0.000000 	 6.652207 	 6.652207 
0.000000 	 15.539403 	 15.539403 
0.000000 	 5.104250 	 5.104250 
0.000000 	 105.334225 	 105.334225 
0.000000 	 6.476808 	 6.476808 
0.000000 	 4.271862 	 4.271862 
0.000000 	 4.151414 	 4.151414 
0.000000 	 5.028173 	 5.028173 
0.000000 	 4.203419 	 4.203419 
0.000000 	 58.658901 	 58.658901 
0.000000 	 4.133991 	 4.133991 
0.000000 	 4.187476 	 4.187476 
0.000000 	 4.132627 	 4.132627 
0.000000 	 56.900573 	 56.900573 
0.000000 	 6.037788 	 6.037788 
0.000000 	 4.172083 	 4.172083 
0.000000 	 4.176112 	 4.176112 
0.000000 	 4.136831 	 4.136831 
0.000000 	 4.298973 	 4.298973 
0.000000 	 5.917785 	 5.917785 
0.000000 	 4.217064 	 4.217064 
0.000000 	 4.347807 	 4.347807 
0.000000 	 4.395019 	 4.395019 
0.000000 	 4.136831 	 4.136831 
0.000000 	 5.917785 	 5.917785 
0.000000 	 4.217064 	 4.217064 
0.000000 	 4.347807 	 4.347807 
0.000000 	 4.395019 	 4.395019 
0.000000 	 7.041973 	 7.041973 
0.000000 	 4.562209 	 4.562209 
0.000000 	 4.177623 	 4.177623 
0.000000 	 4.465298 	 4.465298 
0.000000 	 6.366061 	 6.366061 
0.000000 	 4.247618 	 4.247618 
0.000000 	 4.328433 	 4.328433 
0.000000 	 6.179385 	 6.179385 
0.000000 	 4.185855 	 4.185855 
0.000000 	 4.164031 	 4.164031 
0.000000 	 4.952690 	 4.952690 
0.000000 	 5.219316 	 5.219316 
0.000000 	 7.859013 	 7.859013 
0.000000 	 4.954593 	 4.954593 
0.000000 	 4.194441 	 4.194441 
0.000000 	 4.350446 	 4.350446 
0.000000 	 4.488158 	 4.488158 
0.000000 	 5.828596 	 5.828596 
0.000000 	 25.255160 	 25.255160 
0.000000 	 5.113344 	 5.113344 
0.000000 	 6.698871 	 6.698871 
0.000000 	 106.447667 	 106.447667 
0.000000 	 4.208633 	 4.208633 
0.000000 	 7.719839 	 7.719839 
0.000000 	 4.575620 	 4.575620 
0.000000 	 5.248605 	 5.248605 
0.000000 	 4.962514 	 4.962514 
0.000000 	 5.129886 	 5.129886 
0.000000 	 8.083436 	 8.083436 
0.000000 	 5.554907 	 5.554907 
0.000000 	 17.610548 	 17.610548 
0.000000 	 4.188727 	 4.188727 
0.000000 	 6.404901 	 6.404901 
0.000000 	 78.128038 	 78.128038 
0.000000 	 4.559883 	 4.559883 
0.000000 	 5.280192 	 5.280192 
0.000000 	 5.606027 	 5.606027 
0.000000 	 7.127444 	 7.127444 
0.000000 	 18.284959 	 18.284959 
0.000000 	 6.500757 	 6.500757 
0.000000 	 4.819599 	 4.819599 
0.000000 	 18.972173 	 18.972173 
0.000000 	 4.448961 	 4.448961 
0.000000 	 4.858959 	 4.858959 
0.000000 	 14.106506 	 14.106506 
0.000000 	 5.281977 	 5.281977 
0.000000 	 5.645829 	 5.645829 
0.000000 	 7.171521 	 7.171521 
0.000000 	 4.822649 	 4.822649 
0.000000 	 4.452106 	 4.452106 
0.000000 	 5.383484 	 5.383484 
0.000000 	 4.715194 	 4.715194 
0.000000 	 4.788017 	 4.788017 
0.000000 	 4.967180 	 4.967180 
0.000000 	 104.622670 	 104.622670 
0.000000 	 5.219316 	 5.219316 
0.000000 	 4.609055 	 4.609055 
0.000000 	 4.853112 	 4.853112 
0.000000 	 4.737466 	 4.737466 
0.000000 	 5.325071 	 5.325071 
0.000000 	 8.728931 	 8.728931 
0.000000 	 6.343977 	 6.343977 
0.000000 	 4.851730 	 4.851730 
0.000000 	 20.578332 	 20.578332 
0.000000 	 7.628328 	 7.628328 
0.000000 	 5.034776 	 5.034776 
0.000000 	 5.657727 	 5.657727 
0.000000 	 5.156116 	 5.156116 
0.000000 	 9.989079 	 9.989079 
0.000000 	 7.911605 	 7.911605 
0.000000 	 28.918587 	 28.918587 
0.000000 	 11.187874 	 11.187874 
0.000000 	 5.891306 	 5.891306 
0.000000 	 16.499781 	 16.499781 
0.000000 	 26.928437 	 26.928437 
0.000000 	 7.018804 	 7.018804 
0.000000 	 9.076894 	 9.076894 
0.000000 	 5.252272 	 5.252272 
0.000000 	 4.163039 	 4.163039 
0.000000 	 11.278419 	 11.278419 
0.000000 	 104.551292 	 104.551292 
0.000000 	 5.522183 	 5.522183 
0.000000 	 5.627916 	 5.627916 
0.000000 	 4.296640 	 4.296640 
0.000000 	 15.809830 	 15.809830 
0.000000 	 5.503710 	 5.503710 
0.000000 	 9.027088 	 9.027088 
0.000000 	 5.676468 	 5.676468 
0.000000 	 4.366172 	 4.366172 
0.000000 	 15.287906 	 15.287906 
0.000000 	 96.525681 	 96.525681 
0.000000 	 4.299072 	 4.299072 
0.000000 	 8.449323 	 8.449323 
0.000000 	 5.891599 	 5.891599 
0.000000 	 104.627726 	 104.627726 
0.000000 	 6.656269 	 6.656269 
0.000000 	 5.333630 	 5.333630 
0.000000 	 111.789640 	 111.789640 
0.000000 	 4.858507 	 4.858507 
0.000000 	 8.247476 	 8.247476 
0.000000 	 5.711924 	 5.711924 
0.000000 	 5.465108 	 5.465108 
0.000000 	 104.525931 	 104.525931 
0.000000 	 7.912087 	 7.912087 
0.000000 	 4.540390 	 4.540390 
0.000000 	 35.411856 	 35.411856 
0.000000 	 4.450429 	 4.450429 
0.000000 	 104.502962 	 104.502962 
0.000000 	 24.934147 	 24.934147 
0.000000 	 4.842378 	 4.842378 
0.000000 	 5.846017 	 5.846017 
0.000000 	 5.828671 	 5.828671 
0.000000 	 4.338846 	 4.338846 
0.000000 	 7.789830 	 7.789830 
0.000000 	 8.175625 	 8.175625 
0.000000 	 4.742786 	 4.742786 
0.000000 	 15.382714 	 15.382714 
0.000000 	 8.876559 	 8.876559 
0.000000 	 4.983151 	 4.983151 
0.000000 	 9.708634 	 9.708634 
0.000000 	 106.953388 	 106.953388 
0.000000 	 5.010604 	 5.010604 
0.000000 	 104.033400 	 104.033400 
0.000000 	 103.937440 	 103.937440 
0.000000 	 104.602523 	 104.602523 
0.000000 	 4.865473 	 4.865473 
0.000000 	 8.230374 	 8.230374 
0.000000 	 5.021123 	 5.021123 
0.000000 	 60.524109 	 60.524109 
0.000000 	 104.729853 	 104.729853 
0.000000 	 8.498524 	 8.498524 
0.000000 	 13.452035 	 13.452035 
0.000000 	 17.778480 	 17.778480 
0.000000 	 7.078974 	 7.078974 
0.000000 	 4.747679 	 4.747679 
0.000000 	 4.908646 	 4.908646 
0.000000 	 113.220240 	 113.220240 
0.000000 	 104.158434 	 104.158434 
0.000000 	 99.760945 	 99.760945 
0.000000 	 150.165376 	 150.165376 
0.000000 	 103.937355 	 103.937355 
0.000000 	 4.335380 	 4.335380 
0.000000 	 69.518594 	 69.518594 
0.000000 	 104.158037 	 104.158037 
0.000000 	 104.583530 	 104.583530 
0.000000 	 106.910764 	 106.910764 
0.000000 	 103.947421 	 103.947421 
0.000000 	 116.346265 	 116.346265 
0.000000 	 103.951607 	 103.951607 
0.000000 	 4.483582 	 4.483582 
0.000000 	 103.810299 	 103.810299 
0.000000 	 4.998439 	 4.998439 
0.000000 	 80.879221 	 80.879221 
0.000000 	 5.444380 	 5.444380 
0.000000 	 69.763034 	 69.763034 
0.000000 	 103.945622 	 103.945622 
0.000000 	 104.030615 	 104.030615 
0.000000 	 5.446000 	 5.446000 
0.000000 	 4.261856 	 4.261856 
0.000000 	 21.489176 	 21.489176 
0.000000 	 104.315288 	 104.315288 
0.000000 	 4.264601 	 4.264601 
0.000000 	 5.695906 	 5.695906 
0.000000 	 105.274324 	 105.274324 
0.000000 	 5.340045 	 5.340045 
0.000000 	 103.961522 	 103.961522 
0.000000 	 69.342578 	 69.342578 
0.000000 	 104.015038 	 104.015038 
0.000000 	 4.207310 	 4.207310 
0.000000 	 5.906950 	 5.906950 
0.000000 	 104.027737 	 104.027737 
0.000000 	 104.162740 	 104.162740 
0.000000 	 5.326449 	 5.326449 
0.000000 	 18.119996 	 18.119996 
0.000000 	 6.768775 	 6.768775 
0.000000 	 4.381763 	 4.381763 
0.000000 	 5.741991 	 5.741991 
0.000000 	 103.936222 	 103.936222 
0.000000 	 12.919572 	 12.919572 
0.000000 	 5.848349 	 5.848349 
0.000000 	 4.177122 	 4.177122 
0.000000 	 4.201026 	 4.201026 
0.000000 	 5.632021 	 5.632021 
0.000000 	 4.174110 	 4.174110 
0.000000 	 103.864797 	 103.864797 
0.000000 	 103.928920 	 103.928920 
0.000000 	 56.170010 	 56.170010 
0.000000 	 9.856701 	 9.856701 
0.000000 	 4.214579 	 4.214579 
0.000000 	 4.588578 	 4.588578 
0.000000 	 4.487264 	 4.487264 
0.000000 	 103.949842 	 103.949842 
0.000000 	 160.317789 	 160.317789 
0.000000 	 70.451577 	 70.451577 
0.000000 	 14.385827 	 14.385827 
0.000000 	 103.944024 	 103.944024 
0.000000 	 104.831460 	 104.831460 
0.000000 	 4.171322 	 4.171322 
0.000000 	 104.079130 	 104.079130 
0.000000 	 165.195397 	 165.195397 
0.000000 	 103.869069 	 103.869069 
0.000000 	 103.942224 	 103.942224 
0.000000 	 22.497440 	 22.497440 
0.000000 	 4.175987 	 4.175987 
0.000000 	 4.298786 	 4.298786 
0.000000 	 109.345818 	 109.345818 
0.000000 	 4.172000 	 4.172000 
0.000000 	 72.229288 	 72.229288 
0.000000 	 104.529697 	 104.529697 
0.000000 	 103.949049 	 103.949049 
0.000000 	 164.213156 	 164.213156 
0.000000 	 10.152931 	 10.152931 
0.000000 	 103.808742 	 103.808742 
0.000000 	 103.893577 	 103.893577 
0.000000 	 42.974193 	 42.974193 
0.000000 	 64.375156 	 64.375156 
0.000000 	 4.174371 	 4.174371 
0.000000 	 45.940838 	 45.940838 
0.000000 	 103.962981 	 103.962981 
0.000000 	 152.836993 	 152.836993 
0.000000 	 103.945195 	 103.945195 
0.000000 	 103.944092 	 103.944092 
0.000000 	 103.942140 	 103.942140 
0.000000 	 104.025487 	 104.025487 
0.000000 	 16.124321 	 16.124321 
0.000000 	 4.214579 	 4.214579 
0.000000 	 161.520509 	 161.520509 
0.000000 	 103.893455 	 103.893455 
0.000000 	 104.029432 	 104.029432 
0.000000 	 103.946246 	 103.946246 
0.000000 	 103.918070 	 103.918070 
0.000000 	 104.170172 	 104.170172 
0.000000 	 45.254344 	 45.254344 
0.000000 	 82.599036 	 82.599036 
0.000000 	 103.950060 	 103.950060 
0.000000 	 4.178704 	 4.178704 
0.000000 	 4.847089 	 4.847089 
0.000000 	 88.437092 	 88.437092 
0.000000 	 4.207101 	 4.207101 
0.000000 	 103.874957 	 103.874957 
0.000000 	 103.993150 	 103.993150 
0.000000 	 4.197565 	 4.197565 
0.000000 	 4.186983 	 4.186983 
0.000000 	 103.942367 	 103.942367 
0.000000 	 61.575604 	 61.575604 
0.000000 	 103.913723 	 103.913723 
0.000000 	 103.965090 	 103.965090 
0.000000 	 4.408818 	 4.408818 
0.000000 	 103.951783 	 103.951783 
0.000000 	 103.894311 	 103.894311 
0.000000 	 161.316888 	 161.316888 
0.000000 	 103.916333 	 103.916333 
0.000000 	 38.461368 	 38.461368 
0.000000 	 103.917632 	 103.917632 
0.000000 	 114.943987 	 114.943987 
0.000000 	 103.932340 	 103.932340 
0.000000 	 4.732139 	 4.732139 
0.000000 	 103.952686 	 103.952686 
0.000000 	 167.106240 	 167.106240 
0.000000 	 110.127118 	 110.127118 
0.000000 	 104.000663 	 104.000663 
0.000000 	 4.383865 	 4.383865 
0.000000 	 103.967439 	 103.967439 
0.000000 	 5.422342 	 5.422342 
0.000000 	 103.962517 	 103.962517 
0.000000 	 104.084135 	 104.084135 
0.000000 	 103.982509 	 103.982509 
0.000000 	 4.236543 	 4.236543 
0.000000 	 6.170639 	 6.170639 
0.000000 	 5.062383 	 5.062383 
0.000000 	 4.289560 	 4.289560 
0.000000 	 6.764852 	 6.764852 
0.000000 	 5.820181 	 5.820181 
0.000000 	 4.336828 	 4.336828 
0.000000 	 103.987527 	 103.987527 
0.000000 	 104.033717 	 104.033717 
0.000000 	 4.805176 	 4.805176 
0.000000 	 5.918341 	 5.918341 
0.000000 	 5.773369 	 5.773369 
0.000000 	 103.980382 	 103.980382 
0.000000 	 9.175290 	 9.175290 
0.000000 	 103.988156 	 103.988156 
0.000000 	 4.202768 	 4.202768 
0.000000 	 104.053292 	 104.053292 
0.000000 	 6.374573 	 6.374573 
0.000000 	 103.995279 	 103.995279 
0.000000 	 6.291544 	 6.291544 
0.000000 	 104.023672 	 104.023672 
0.000000 	 103.968133 	 103.968133 
0.000000 	 4.918340 	 4.918340 
0.000000 	 103.990561 	 103.990561 
0.000000 	 4.182555 	 4.182555 
0.000000 	 4.445133 	 4.445133 
0.000000 	 4.552841 	 4.552841 
0.000000 	 103.848350 	 103.848350 
0.000000 	 9.707972 	 9.707972 
0.000000 	 162.395848 	 162.395848 
0.000000 	 188.204513 	 188.204513 
0.000000 	 6.050461 	 6.050461 
0.000000 	 4.177553 	 4.177553 
0.000000 	 8.643101 	 8.643101 
0.000000 	 6.992177 	 6.992177 
0.000000 	 4.189368 	 4.189368 
0.000000 	 103.828191 	 103.828191 
0.000000 	 24.297214 	 24.297214 
0.000000 	 8.662952 	 8.662952 
0.000000 	 4.559194 	 4.559194 
0.000000 	 7.483027 	 7.483027 
0.000000 	 109.079152 	 109.079152 
0.000000 	 5.815534 	 5.815534 
0.000000 	 8.551939 	 8.551939 
0.000000 	 113.051254 	 113.051254 
0.000000 	 4.503327 	 4.503327 
0.000000 	 23.192278 	 23.192278 
0.000000 	 103.974287 	 103.974287 
0.000000 	 4.187170 	 4.187170 
0.000000 	 5.304580 	 5.304580 
0.000000 	 26.857224 	 26.857224 
0.000000 	 59.430568 	 59.430568 
0.000000 	 103.980325 	 103.980325 
0.000000 	 4.866255 	 4.866255 
0.000000 	 5.268494 	 5.268494 
0.000000 	 4.230231 	 4.230231 
0.000000 	 5.787151 	 5.787151 
0.000000 	 24.903710 	 24.903710 
0.000000 	 19.951176 	 19.951176 
0.000000 	 104.106010 	 104.106010 
0.000000 	 103.978787 	 103.978787 
0.000000 	 4.648499 	 4.648499 
0.000000 	 5.724468 	 5.724468 
0.000000 	 4.237751 	 4.237751 
0.000000 	 33.248744 	 33.248744 
0.000000 	 103.969247 	 103.969247 
0.000000 	 103.978996 	 103.978996 
0.000000 	 4.516330 	 4.516330 
0.000000 	 5.836499 	 5.836499 
0.000000 	 104.012586 	 104.012586 
0.000000 	 103.983618 	 103.983618 
0.000000 	 4.290033 	 4.290033 
0.000000 	 103.960294 	 103.960294 
0.000000 	 5.210234 	 5.210234 
0.000000 	 103.962277 	 103.962277 
0.000000 	 11.042385 	 11.042385 
0.000000 	 103.970780 	 103.970780 
0.000000 	 8.663605 	 8.663605 
0.000000 	 4.232568 	 4.232568 
0.000000 	 103.964323 	 103.964323 
0.000000 	 5.213245 	 5.213245 
0.000000 	 9.035778 	 9.035778 
0.000000 	 103.936278 	 103.936278 
0.000000 	 18.308515 	 18.308515 
0.000000 	 103.974397 	 103.974397 
0.000000 	 23.040788 	 23.040788 
0.000000 	 4.187149 	 4.187149 
0.000000 	 104.490734 	 104.490734 
0.000000 	 5.588845 	 5.588845 
0.000000 	 6.425822 	 6.425822 
0.000000 	 103.934276 	 103.934276 
0.000000 	 4.198877 	 4.198877 
0.000000 	 104.054605 	 104.054605 
0.000000 	 6.468988 	 6.468988 
0.000000 	 4.207861 	 4.207861 
0.000000 	 7.218849 	 7.218849 
0.000000 	 6.156987 	 6.156987 
0.000000 	 12.990236 	 12.990236 
0.000000 	 11.269288 	 11.269288 
0.000000 	 4.189530 	 4.189530 
0.000000 	 6.220824 	 6.220824 
0.000000 	 4.398131 	 4.398131 
0.000000 	 6.178481 	 6.178481 
0.000000 	 6.862847 	 6.862847 
0.000000 	 6.560104 	 6.560104 
0.000000 	 4.181599 	 4.181599 
0.000000 	 5.380110 	 5.380110 
0.000000 	 4.794550 	 4.794550 
0.000000 	 6.152884 	 6.152884 
0.000000 	 4.867240 	 4.867240 
0.000000 	 6.059255 	 6.059255 
0.000000 	 4.181020 	 4.181020 
0.000000 	 4.211332 	 4.211332 
0.000000 	 4.157341 	 4.157341 
0.000000 	 4.260615 	 4.260615 
0.000000 	 4.199014 	 4.199014 
0.000000 	 4.490965 	 4.490965 
0.000000 	 4.157029 	 4.157029 
0.000000 	 6.093988 	 6.093988 
0.000000 	 4.183166 	 4.183166 
0.000000 	 4.449583 	 4.449583 
0.000000 	 4.288920 	 4.288920 
0.000000 	 4.164002 	 4.164002 
0.000000 	 4.190786 	 4.190786 
0.000000 	 4.213955 	 4.213955 
0.000000 	 4.192534 	 4.192534 
0.000000 	 4.168939 	 4.168939 
0.000000 	 4.573196 	 4.573196 
0.000000 	 4.160112 	 4.160112 
0.000000 	 4.164076 	 4.164076 
0.000000 	 4.160975 	 4.160975 
0.000000 	 4.942275 	 4.942275 
0.000000 	 5.304339 	 5.304339 
0.000000 	 4.179477 	 4.179477 
0.000000 	 4.650336 	 4.650336 
0.000000 	 4.332761 	 4.332761 
0.000000 	 4.440090 	 4.440090 
0.000000 	 5.797888 	 5.797888 
0.000000 	 4.179844 	 4.179844 
0.000000 	 4.191752 	 4.191752 
0.000000 	 5.019027 	 5.019027 
0.000000 	 4.460176 	 4.460176 
0.000000 	 4.419152 	 4.419152 
0.000000 	 4.180901 	 4.180901 
0.000000 	 4.342163 	 4.342163 
0.000000 	 4.179424 	 4.179424 
0.000000 	 4.178063 	 4.178063 
0.000000 	 4.175376 	 4.175376 
0.000000 	 4.179778 	 4.179778 
0.000000 	 4.195465 	 4.195465 
0.000000 	 4.367644 	 4.367644 
0.000000 	 4.179419 	 4.179419 
0.000000 	 4.175362 	 4.175362 
0.000000 	 6.265787 	 6.265787 
0.000000 	 4.459411 	 4.459411 
0.000000 	 4.280719 	 4.280719 
0.000000 	 4.193248 	 4.193248 
0.000000 	 40.850046 	 40.850046 
0.000000 	 4.473803 	 4.473803 
0.000000 	 4.163698 	 4.163698 
0.000000 	 4.405270 	 4.405270 
0.000000 	 4.166742 	 4.166742 
0.000000 	 103.930879 	 103.930879 
0.000000 	 4.147560 	 4.147560 
0.000000 	 4.132736 	 4.132736 
0.000000 	 5.663511 	 5.663511 
0.000000 	 4.984685 	 4.984685 
0.000000 	 4.324910 	 4.324910 
0.000000 	 4.175412 	 4.175412 
0.000000 	 4.456062 	 4.456062 
0.000000 	 4.194726 	 4.194726 
0.000000 	 35.221794 	 35.221794 
0.000000 	 4.107236 	 4.107236 
0.000000 	 4.191941 	 4.191941 
0.000000 	 4.113022 	 4.113022 
0.000000 	 4.312100 	 4.312100 
0.000000 	 4.119684 	 4.119684 
0.000000 	 159.363708 	 159.363708 
0.000000 	 4.175096 	 4.175096 
0.000000 	 4.462029 	 4.462029 
0.000000 	 4.190956 	 4.190956 
0.000000 	 4.114948 	 4.114948 
0.000000 	 111.573942 	 111.573942 
0.000000 	 4.177042 	 4.177042 
0.000000 	 4.176012 	 4.176012 
0.000000 	 15.968102 	 15.968102 
0.000000 	 4.366028 	 4.366028 
0.000000 	 7.545356 	 7.545356 
0.000000 	 4.132418 	 4.132418 
0.000000 	 4.185777 	 4.185777 
0.000000 	 5.449789 	 5.449789 
0.000000 	 4.260945 	 4.260945 
0.000000 	 103.951601 	 103.951601 
0.000000 	 4.149755 	 4.149755 
0.000000 	 4.116753 	 4.116753 
0.000000 	 4.416095 	 4.416095 
0.000000 	 4.153232 	 4.153232 
0.000000 	 4.176642 	 4.176642 
0.000000 	 4.163535 	 4.163535 
0.000000 	 4.367141 	 4.367141 
0.000000 	 4.168973 	 4.168973 
0.000000 	 130.699244 	 130.699244 
0.000000 	 4.171116 	 4.171116 
0.000000 	 7.119747 	 7.119747 
0.000000 	 4.188702 	 4.188702 
0.000000 	 35.476638 	 35.476638 
0.000000 	 21.224192 	 21.224192 
0.000000 	 4.170961 	 4.170961 
0.000000 	 4.159902 	 4.159902 
0.000000 	 4.165148 	 4.165148 
0.000000 	 6.227932 	 6.227932 
0.000000 	 4.312701 	 4.312701 
0.000000 	 4.171914 	 4.171914 
0.000000 	 257.780994 	 257.780994 
0.000000 	 333.296750 	 333.296750 
0.000000 	 4.201340 	 4.201340 
0.000000 	 6.063973 	 6.063973 
0.000000 	 4.196873 	 4.196873 
0.000000 	 4.171466 	 4.171466 
0.000000 	 4.933179 	 4.933179 
0.000000 	 4.171503 	 4.171503 
0.000000 	 4.178850 	 4.178850 
0.000000 	 59.289862 	 59.289862 
0.000000 	 4.176173 	 4.176173 
0.000000 	 4.168513 	 4.168513 
0.000000 	 4.181984 	 4.181984 
0.000000 	 4.697071 	 4.697071 
0.000000 	 4.176246 	 4.176246 
0.000000 	 4.964384 	 4.964384 
0.000000 	 4.177734 	 4.177734 
0.000000 	 4.177072 	 4.177072 
0.000000 	 4.183757 	 4.183757 
0.000000 	 4.464050 	 4.464050 
0.000000 	 4.169005 	 4.169005 
0.000000 	 6.372186 	 6.372186 
0.000000 	 4.180763 	 4.180763 
0.000000 	 4.179323 	 4.179323 
0.000000 	 4.198070 	 4.198070 
0.000000 	 222.877123 	 222.877123 
0.000000 	 4.176102 	 4.176102 
0.000000 	 4.182105 	 4.182105 
0.000000 	 4.168048 	 4.168048 
0.000000 	 4.179265 	 4.179265 
0.000000 	 4.161939 	 4.161939 
0.000000 	 4.179032 	 4.179032 
0.000000 	 157.732281 	 157.732281 
0.000000 	 159.801142 	 159.801142 
0.000000 	 4.181807 	 4.181807 
0.000000 	 4.174609 	 4.174609 
0.000000 	 4.167555 	 4.167555 
0.000000 	 4.166821 	 4.166821 
0.000000 	 4.179713 	 4.179713 
0.000000 	 159.125968 	 159.125968 
0.000000 	 4.774807 	 4.774807 
0.000000 	 22.281534 	 22.281534 
0.000000 	 103.954733 	 103.954733 
0.000000 	 4.204659 	 4.204659 
0.000000 	 4.186751 	 4.186751 
0.000000 	 4.180287 	 4.180287 
0.000000 	 4.132995 	 4.132995 
0.000000 	 4.127775 	 4.127775 
0.000000 	 108.771301 	 108.771301 
0.000000 	 5.812468 	 5.812468 
0.000000 	 4.167316 	 4.167316 
0.000000 	 4.218255 	 4.218255 
0.000000 	 4.104708 	 4.104708 
0.000000 	 4.130855 	 4.130855 
0.000000 	 4.137156 	 4.137156 
0.000000 	 4.173333 	 4.173333 
0.000000 	 4.165696 	 4.165696 
0.000000 	 4.159780 	 4.159780 
0.000000 	 4.144452 	 4.144452 
0.000000 	 4.233817 	 4.233817 
0.000000 	 4.162160 	 4.162160 
0.000000 	 5.824180 	 5.824180 
0.000000 	 4.146129 	 4.146129 
0.000000 	 4.155860 	 4.155860 
0.000000 	 8.173918 	 8.173918 
0.000000 	 93.532315 	 93.532315 
0.000000 	 4.127011 	 4.127011 
0.000000 	 4.150560 	 4.150560 
0.000000 	 4.174979 	 4.174979 
0.000000 	 20.830861 	 20.830861 
0.000000 	 4.607542 	 4.607542 
0.000000 	 4.145850 	 4.145850 
0.000000 	 4.174005 	 4.174005 
0.000000 	 60.305625 	 60.305625 
0.000000 	 4.169473 	 4.169473 
0.000000 	 17.099924 	 17.099924 
0.000000 	 4.126555 	 4.126555 
0.000000 	 4.175198 	 4.175198 
0.000000 	 14.608805 	 14.608805 
0.000000 	 4.145597 	 4.145597 
0.000000 	 4.138887 	 4.138887 
0.000000 	 85.259489 	 85.259489 
0.000000 	 8.873997 	 8.873997 
0.000000 	 4.123569 	 4.123569 
0.000000 	 4.188479 	 4.188479 
0.000000 	 4.148990 	 4.148990 
0.000000 	 104.249790 	 104.249790 
0.000000 	 6.257395 	 6.257395 
0.000000 	 4.130544 	 4.130544 
0.000000 	 5.546137 	 5.546137 
0.000000 	 4.127854 	 4.127854 
0.000000 	 4.184083 	 4.184083 
0.000000 	 4.137977 	 4.137977 
0.000000 	 4.460143 	 4.460143 
0.000000 	 10.948344 	 10.948344 
0.000000 	 70.119306 	 70.119306 
0.000000 	 6.952980 	 6.952980 
0.000000 	 4.117936 	 4.117936 
0.000000 	 4.928884 	 4.928884 
0.000000 	 4.132816 	 4.132816 
0.000000 	 103.926517 	 103.926517 
0.000000 	 91.261022 	 91.261022 
0.000000 	 4.108596 	 4.108596 
0.000000 	 104.279351 	 104.279351 
0.000000 	 4.192434 	 4.192434 
0.000000 	 4.605920 	 4.605920 
0.000000 	 59.768284 	 59.768284 
0.000000 	 103.924603 	 103.924603 
0.000000 	 4.133760 	 4.133760 
0.000000 	 4.209467 	 4.209467 
0.000000 	 4.177593 	 4.177593 
0.000000 	 62.622528 	 62.622528 
0.000000 	 4.650674 	 4.650674 
0.000000 	 162.743611 	 162.743611 
0.000000 	 6.424461 	 6.424461 
0.000000 	 5.803200 	 5.803200 
0.000000 	 103.952392 	 103.952392 
0.000000 	 4.117356 	 4.117356 
0.000000 	 103.862837 	 103.862837 
0.000000 	 104.003780 	 104.003780 
0.000000 	 104.213708 	 104.213708 
0.000000 	 103.918143 	 103.918143 
0.000000 	 103.854485 	 103.854485 
0.000000 	 103.831844 	 103.831844 
0.000000 	 11.353140 	 11.353140 
0.000000 	 103.930941 	 103.930941 
0.000000 	 103.882400 	 103.882400 
0.000000 	 104.572394 	 104.572394 
0.000000 	 103.912576 	 103.912576 
0.000000 	 146.047747 	 146.047747 
0.000000 	 67.168092 	 67.168092 
0.000000 	 8.510514 	 8.510514 
0.000000 	 7.808313 	 7.808313 
0.000000 	 17.335302 	 17.335302 
0.000000 	 4.218066 	 4.218066 
0.000000 	 104.029838 	 104.029838 
0.000000 	 103.917729 	 103.917729 
0.000000 	 9.162603 	 9.162603 
0.000000 	 62.145171 	 62.145171 
0.000000 	 46.346589 	 46.346589 
0.000000 	 4.174579 	 4.174579 
0.000000 	 162.887359 	 162.887359 
0.000000 	 4.435529 	 4.435529 
0.000000 	 104.599269 	 104.599269 
0.000000 	 103.949282 	 103.949282 
0.000000 	 4.163100 	 4.163100 
0.000000 	 4.164031 	 4.164031 
0.000000 	 4.158022 	 4.158022 
0.000000 	 4.608638 	 4.608638 
0.000000 	 4.190259 	 4.190259 
0.000000 	 4.256171 	 4.256171 
0.000000 	 4.165279 	 4.165279 
0.000000 	 30.136017 	 30.136017 
0.000000 	 4.246293 	 4.246293 
0.000000 	 4.167697 	 4.167697 
0.000000 	 4.174360 	 4.174360 
0.000000 	 4.200003 	 4.200003 
0.000000 	 5.948451 	 5.948451 
0.000000 	 104.046037 	 104.046037 
0.000000 	 4.171038 	 4.171038 
0.000000 	 4.221267 	 4.221267 
0.000000 	 5.299355 	 5.299355 
0.000000 	 4.135899 	 4.135899 
0.000000 	 103.976973 	 103.976973 
0.000000 	 4.164507 	 4.164507 
0.000000 	 5.153294 	 5.153294 
0.000000 	 4.169816 	 4.169816 
0.000000 	 4.104780 	 4.104780 
0.000000 	 103.967269 	 103.967269 
0.000000 	 28.566213 	 28.566213 
0.000000 	 33.476467 	 33.476467 
0.000000 	 4.124309 	 4.124309 
0.000000 	 4.514013 	 4.514013 
0.000000 	 4.123801 	 4.123801 
0.000000 	 4.102344 	 4.102344 
0.000000 	 103.979467 	 103.979467 
0.000000 	 4.343573 	 4.343573 
0.000000 	 10.236179 	 10.236179 
0.000000 	 4.123812 	 4.123812 
0.000000 	 4.106464 	 4.106464 
0.000000 	 104.568570 	 104.568570 
0.000000 	 4.118004 	 4.118004 
0.000000 	 4.100168 	 4.100168 
0.000000 	 12.338415 	 12.338415 
0.000000 	 104.627369 	 104.627369 
0.000000 	 103.979056 	 103.979056 
0.000000 	 99.930580 	 99.930580 
0.000000 	 4.127028 	 4.127028 
0.000000 	 4.120444 	 4.120444 
0.000000 	 9.200769 	 9.200769 
0.000000 	 103.970356 	 103.970356 
0.000000 	 103.983106 	 103.983106 
0.000000 	 4.141026 	 4.141026 
0.000000 	 60.202740 	 60.202740 
0.000000 	 20.230261 	 20.230261 
0.000000 	 103.983411 	 103.983411 
0.000000 	 4.099219 	 4.099219 
0.000000 	 103.986216 	 103.986216 
0.000000 	 103.980195 	 103.980195 
0.000000 	 6.570842 	 6.570842 
0.000000 	 103.908252 	 103.908252 
0.000000 	 4.688203 	 4.688203 
0.000000 	 103.984460 	 103.984460 
0.000000 	 7.952154 	 7.952154 
0.000000 	 26.945561 	 26.945561 
0.000000 	 103.980329 	 103.980329 
0.000000 	 71.636993 	 71.636993 
0.000000 	 103.994685 	 103.994685 
0.000000 	 7.158776 	 7.158776 
0.000000 	 103.912859 	 103.912859 
0.000000 	 91.780025 	 91.780025 
0.000000 	 4.174580 	 4.174580 
0.000000 	 4.262179 	 4.262179 
0.000000 	 9.546666 	 9.546666 
0.000000 	 7.157569 	 7.157569 
0.000000 	 103.976973 	 103.976973 
0.000000 	 4.169007 	 4.169007 
0.000000 	 4.168210 	 4.168210 
0.000000 	 104.419931 	 104.419931 
0.000000 	 5.382763 	 5.382763 
0.000000 	 4.165651 	 4.165651 
0.000000 	 4.170853 	 4.170853 
0.000000 	 6.796303 	 6.796303 
0.000000 	 4.179384 	 4.179384 
0.000000 	 104.085107 	 104.085107 
0.000000 	 103.981332 	 103.981332 
0.000000 	 4.169136 	 4.169136 
0.000000 	 4.165778 	 4.165778 
0.000000 	 4.171059 	 4.171059 
0.000000 	 4.180341 	 4.180341 
0.000000 	 4.169187 	 4.169187 
0.000000 	 4.214852 	 4.214852 
0.000000 	 37.172431 	 37.172431 
0.000000 	 4.183266 	 4.183266 
0.000000 	 103.844200 	 103.844200 
0.000000 	 103.915635 	 103.915635 
0.000000 	 20.301689 	 20.301689 
0.000000 	 4.182975 	 4.182975 
0.000000 	 12.379395 	 12.379395 
0.000000 	 9.393038 	 9.393038 
0.000000 	 103.880234 	 103.880234 
0.000000 	 15.304300 	 15.304300 
0.000000 	 4.504214 	 4.504214 
0.000000 	 12.857540 	 12.857540 
0.000000 	 13.916100 	 13.916100 
0.000000 	 4.169136 	 4.169136 
0.000000 	 4.214852 	 4.214852 
0.000000 	 37.172431 	 37.172431 
0.000000 	 4.265300 	 4.265300 
0.000000 	 104.026438 	 104.026438 
0.000000 	 4.166363 	 4.166363 
0.000000 	 103.944502 	 103.944502 
0.000000 	 103.987461 	 103.987461 
0.000000 	 103.952888 	 103.952888 
0.000000 	 34.423406 	 34.423406 
0.000000 	 4.184647 	 4.184647 
0.000000 	 4.242601 	 4.242601 
0.000000 	 4.199389 	 4.199389 
0.000000 	 103.950846 	 103.950846 
0.000000 	 103.985344 	 103.985344 
0.000000 	 103.980260 	 103.980260 
0.000000 	 4.177384 	 4.177384 
0.000000 	 4.306850 	 4.306850 
0.000000 	 103.919979 	 103.919979 
0.000000 	 103.923996 	 103.923996 
0.000000 	 76.368198 	 76.368198 
0.000000 	 103.977762 	 103.977762 
0.000000 	 4.185818 	 4.185818 
0.000000 	 4.282363 	 4.282363 
0.000000 	 64.074372 	 64.074372 
0.000000 	 103.982230 	 103.982230 
0.000000 	 4.367810 	 4.367810 
0.000000 	 14.661307 	 14.661307 
0.000000 	 4.193328 	 4.193328 
0.000000 	 4.184838 	 4.184838 
0.000000 	 4.342236 	 4.342236 
0.000000 	 103.979724 	 103.979724 
0.000000 	 5.190703 	 5.190703 
0.000000 	 4.174019 	 4.174019 
0.000000 	 4.187176 	 4.187176 
0.000000 	 103.974692 	 103.974692 
0.000000 	 104.599439 	 104.599439 
0.000000 	 4.358214 	 4.358214 
0.000000 	 5.032187 	 5.032187 
0.000000 	 103.968005 	 103.968005 
0.000000 	 4.293158 	 4.293158 
0.000000 	 7.358991 	 7.358991 
0.000000 	 103.974914 	 103.974914 
0.000000 	 103.813274 	 103.813274 
0.000000 	 28.465947 	 28.465947 
0.000000 	 4.192680 	 4.192680 
0.000000 	 4.181178 	 4.181178 
0.000000 	 105.039580 	 105.039580 
0.000000 	 4.235016 	 4.235016 
0.000000 	 4.294789 	 4.294789 
0.000000 	 4.296996 	 4.296996 
0.000000 	 105.146255 	 105.146255 
0.000000 	 103.882527 	 103.882527 
0.000000 	 105.015793 	 105.015793 
0.000000 	 4.299044 	 4.299044 
0.000000 	 103.745686 	 103.745686 
0.000000 	 9.087282 	 9.087282 
0.000000 	 63.578004 	 63.578004 
0.000000 	 4.282467 	 4.282467 
0.000000 	 103.842412 	 103.842412 
0.000000 	 76.955712 	 76.955712 
0.000000 	 4.271946 	 4.271946 
0.000000 	 17.420920 	 17.420920 
0.000000 	 104.053775 	 104.053775 
0.000000 	 103.821785 	 103.821785 
0.000000 	 6.775252 	 6.775252 
0.000000 	 104.025215 	 104.025215 
0.000000 	 33.412474 	 33.412474 
0.000000 	 29.369594 	 29.369594 
0.000000 	 34.787350 	 34.787350 
0.000000 	 4.244755 	 4.244755 
0.000000 	 4.195008 	 4.195008 
0.000000 	 103.982096 	 103.982096 
0.000000 	 4.170055 	 4.170055 
0.000000 	 103.958284 	 103.958284 
0.000000 	 4.552325 	 4.552325 
0.000000 	 4.199936 	 4.199936 
0.000000 	 104.013020 	 104.013020 
0.000000 	 13.608354 	 13.608354 
0.000000 	 6.815463 	 6.815463 
0.000000 	 4.321306 	 4.321306 
0.000000 	 103.825653 	 103.825653 
0.000000 	 103.789133 	 103.789133 
0.000000 	 4.177506 	 4.177506 
0.000000 	 103.992637 	 103.992637 
0.000000 	 104.596880 	 104.596880 
0.000000 	 58.086153 	 58.086153 
0.000000 	 103.953757 	 103.953757 
0.000000 	 4.175941 	 4.175941 
0.000000 	 111.434002 	 111.434002 
0.000000 	 4.259540 	 4.259540 
0.000000 	 4.172883 	 4.172883 
0.000000 	 104.413298 	 104.413298 
0.000000 	 103.982222 	 103.982222 
0.000000 	 4.172585 	 4.172585 
0.000000 	 4.172851 	 4.172851 
0.000000 	 4.171448 	 4.171448 
0.000000 	 4.179266 	 4.179266 
0.000000 	 103.963722 	 103.963722 
0.000000 	 103.972266 	 103.972266 
0.000000 	 19.140522 	 19.140522 
0.000000 	 103.851355 	 103.851355 
0.000000 	 58.637662 	 58.637662 
0.000000 	 133.840012 	 133.840012 
0.000000 	 104.021148 	 104.021148 
0.000000 	 103.970361 	 103.970361 
0.000000 	 106.637209 	 106.637209 
0.000000 	 4.187157 	 4.187157 
0.000000 	 4.577486 	 4.577486 
0.000000 	 103.983425 	 103.983425 
0.000000 	 107.097773 	 107.097773 
0.000000 	 103.973716 	 103.973716 
0.000000 	 103.974527 	 103.974527 
0.000000 	 113.380613 	 113.380613 
0.000000 	 4.185262 	 4.185262 
0.000000 	 19.982237 	 19.982237 
0.000000 	 4.174844 	 4.174844 
0.000000 	 17.655663 	 17.655663 
0.000000 	 103.976171 	 103.976171 
0.000000 	 4.329976 	 4.329976 
0.000000 	 58.208544 	 58.208544 
0.000000 	 111.523921 	 111.523921 
0.000000 	 4.185452 	 4.185452 
0.000000 	 15.898434 	 15.898434 
0.000000 	 103.975587 	 103.975587 
0.000000 	 103.958974 	 103.958974 
0.000000 	 14.291887 	 14.291887 
0.000000 	 4.183319 	 4.183319 
0.000000 	 104.197308 	 104.197308 
0.000000 	 4.200895 	 4.200895 
0.000000 	 4.187317 	 4.187317 
0.000000 	 4.159197 	 4.159197 
0.000000 	 103.994871 	 103.994871 
0.000000 	 103.957405 	 103.957405 
0.000000 	 105.160587 	 105.160587 
0.000000 	 73.530508 	 73.530508 
0.000000 	 4.250927 	 4.250927 
0.000000 	 4.173740 	 4.173740 
0.000000 	 103.971774 	 103.971774 
0.000000 	 70.233229 	 70.233229 
0.000000 	 71.283411 	 71.283411 
0.000000 	 103.962083 	 103.962083 
0.000000 	 103.958322 	 103.958322 
0.000000 	 4.184052 	 4.184052 
0.000000 	 103.969661 	 103.969661 
0.000000 	 103.965157 	 103.965157 
0.000000 	 12.599600 	 12.599600 
0.000000 	 104.018829 	 104.018829 
0.000000 	 103.978954 	 103.978954 
0.000000 	 103.758417 	 103.758417 
0.000000 	 17.155325 	 17.155325 
0.000000 	 103.956751 	 103.956751 
0.000000 	 55.325930 	 55.325930 
0.000000 	 103.963486 	 103.963486 
0.000000 	 9.100733 	 9.100733 
0.000000 	 5.176906 	 5.176906 
0.000000 	 4.170586 	 4.170586 
0.000000 	 103.895127 	 103.895127 
0.000000 	 5.977337 	 5.977337 
0.000000 	 9.135368 	 9.135368 
0.000000 	 62.315230 	 62.315230 
0.000000 	 15.658072 	 15.658072 
0.000000 	 4.505421 	 4.505421 
0.000000 	 103.935855 	 103.935855 
0.000000 	 36.957212 	 36.957212 
0.000000 	 33.697682 	 33.697682 
0.000000 	 104.008585 	 104.008585 
0.000000 	 15.744933 	 15.744933 
0.000000 	 103.972127 	 103.972127 
0.000000 	 4.291405 	 4.291405 
0.000000 	 103.941219 	 103.941219 
0.000000 	 46.372268 	 46.372268 
0.000000 	 103.956883 	 103.956883 
0.000000 	 14.404450 	 14.404450 
0.000000 	 4.242711 	 4.242711 
0.000000 	 4.323037 	 4.323037 
0.000000 	 40.270266 	 40.270266 
0.000000 	 30.139483 	 30.139483 
0.000000 	 4.166585 	 4.166585 
0.000000 	 104.055251 	 104.055251 
0.000000 	 5.827484 	 5.827484 
0.000000 	 4.202010 	 4.202010 
0.000000 	 4.129336 	 4.129336 
0.000000 	 104.787103 	 104.787103 
0.000000 	 4.164157 	 4.164157 
0.000000 	 31.126899 	 31.126899 
0.000000 	 31.261160 	 31.261160 
0.000000 	 4.159045 	 4.159045 
0.000000 	 4.194041 	 4.194041 
0.000000 	 7.519886 	 7.519886 
0.000000 	 4.214716 	 4.214716 
0.000000 	 4.119146 	 4.119146 
0.000000 	 104.717399 	 104.717399 
0.000000 	 4.160527 	 4.160527 
0.000000 	 370.876828 	 370.876828 
0.000000 	 5.354172 	 5.354172 
0.000000 	 4.365554 	 4.365554 
0.000000 	 4.109948 	 4.109948 
0.000000 	 4.124272 	 4.124272 
0.000000 	 4.865080 	 4.865080 
0.000000 	 5.831469 	 5.831469 
0.000000 	 4.129953 	 4.129953 
0.000000 	 104.782026 	 104.782026 
0.000000 	 4.893376 	 4.893376 
0.000000 	 4.118154 	 4.118154 
0.000000 	 110.042993 	 110.042993 
0.000000 	 7.850328 	 7.850328 
0.000000 	 14.063517 	 14.063517 
0.000000 	 4.112421 	 4.112421 
0.000000 	 4.182021 	 4.182021 
0.000000 	 4.139131 	 4.139131 
0.000000 	 18.376608 	 18.376608 
0.000000 	 18.854654 	 18.854654 
0.000000 	 4.180286 	 4.180286 
0.000000 	 4.172732 	 4.172732 
0.000000 	 4.120966 	 4.120966 
0.000000 	 4.358151 	 4.358151 
0.000000 	 4.150834 	 4.150834 
0.000000 	 4.103400 	 4.103400 
0.000000 	 4.144048 	 4.144048 
0.000000 	 4.167787 	 4.167787 
0.000000 	 4.168539 	 4.168539 
0.000000 	 4.163108 	 4.163108 
0.000000 	 4.138260 	 4.138260 
0.000000 	 5.572874 	 5.572874 
0.000000 	 4.160064 	 4.160064 
0.000000 	 4.169237 	 4.169237 
0.000000 	 9.395102 	 9.395102 
0.000000 	 4.165559 	 4.165559 
0.000000 	 4.166088 	 4.166088 
0.000000 	 4.160973 	 4.160973 
0.000000 	 4.159632 	 4.159632 
0.000000 	 4.157356 	 4.157356 
0.000000 	 4.372419 	 4.372419 
0.000000 	 4.161842 	 4.161842 
0.000000 	 4.145898 	 4.145898 
0.000000 	 4.160785 	 4.160785 
0.000000 	 4.157937 	 4.157937 
0.000000 	 4.158822 	 4.158822 
0.000000 	 45.106316 	 45.106316 
0.000000 	 4.165194 	 4.165194 
0.000000 	 4.130766 	 4.130766 
0.000000 	 73.897281 	 73.897281 
0.000000 	 4.163313 	 4.163313 
0.000000 	 104.675186 	 104.675186 
0.000000 	 4.166030 	 4.166030 
0.000000 	 4.172452 	 4.172452 
0.000000 	 4.174917 	 4.174917 
0.000000 	 4.165339 	 4.165339 
0.000000 	 4.181086 	 4.181086 
0.000000 	 4.145898 	 4.145898 
0.000000 	 4.160785 	 4.160785 
0.000000 	 4.161356 	 4.161356 
0.000000 	 4.165839 	 4.165839 
0.000000 	 4.158948 	 4.158948 
0.000000 	 103.732170 	 103.732170 
0.000000 	 104.250850 	 104.250850 
0.000000 	 4.162679 	 4.162679 
0.000000 	 104.073262 	 104.073262 
0.000000 	 4.185714 	 4.185714 
0.000000 	 4.140489 	 4.140489 
0.000000 	 4.164330 	 4.164330 
0.000000 	 4.169737 	 4.169737 
0.000000 	 104.466933 	 104.466933 
0.000000 	 4.182991 	 4.182991 
0.000000 	 26.968945 	 26.968945 
0.000000 	 4.178302 	 4.178302 
0.000000 	 4.274065 	 4.274065 
0.000000 	 4.157966 	 4.157966 
0.000000 	 4.139790 	 4.139790 
0.000000 	 4.126528 	 4.126528 
0.000000 	 11.054731 	 11.054731 
0.000000 	 4.209489 	 4.209489 
0.000000 	 4.113279 	 4.113279 
0.000000 	 4.131667 	 4.131667 
0.000000 	 4.193490 	 4.193490 
0.000000 	 72.990094 	 72.990094 
0.000000 	 4.108842 	 4.108842 
0.000000 	 4.106814 	 4.106814 
0.000000 	 4.111547 	 4.111547 
0.000000 	 4.118957 	 4.118957 
0.000000 	 6.602040 	 6.602040 
0.000000 	 4.105067 	 4.105067 
0.000000 	 4.935313 	 4.935313 
0.000000 	 19.391354 	 19.391354 
0.000000 	 4.236981 	 4.236981 
0.000000 	 4.241899 	 4.241899 
0.000000 	 4.110520 	 4.110520 
0.000000 	 4.127590 	 4.127590 
0.000000 	 4.101862 	 4.101862 
0.000000 	 4.099545 	 4.099545 
0.000000 	 4.107451 	 4.107451 
0.000000 	 12.304462 	 12.304462 
0.000000 	 67.414238 	 67.414238 
0.000000 	 5.716373 	 5.716373 
0.000000 	 4.175581 	 4.175581 
0.000000 	 4.102665 	 4.102665 
0.000000 	 4.175103 	 4.175103 
0.000000 	 103.779829 	 103.779829 
0.000000 	 100.668480 	 100.668480 
0.000000 	 4.124697 	 4.124697 
0.000000 	 4.130144 	 4.130144 
0.000000 	 33.945443 	 33.945443 
0.000000 	 4.118038 	 4.118038 
0.000000 	 18.579069 	 18.579069 
0.000000 	 4.127537 	 4.127537 
0.000000 	 4.124724 	 4.124724 
0.000000 	 4.117202 	 4.117202 
0.000000 	 4.130298 	 4.130298 
0.000000 	 33.657814 	 33.657814 
0.000000 	 104.850613 	 104.850613 
0.000000 	 21.099240 	 21.099240 
0.000000 	 4.117956 	 4.117956 
0.000000 	 4.130794 	 4.130794 
0.000000 	 20.333840 	 20.333840 
0.000000 	 4.191836 	 4.191836 
0.000000 	 4.166513 	 4.166513 
0.000000 	 4.129580 	 4.129580 
0.000000 	 4.127295 	 4.127295 
0.000000 	 4.136510 	 4.136510 
0.000000 	 11.343230 	 11.343230 
0.000000 	 4.117142 	 4.117142 
0.000000 	 4.110617 	 4.110617 
0.000000 	 4.114533 	 4.114533 
0.000000 	 4.126995 	 4.126995 
0.000000 	 4.166890 	 4.166890 
0.000000 	 4.178568 	 4.178568 
0.000000 	 4.170814 	 4.170814 
0.000000 	 20.893229 	 20.893229 
0.000000 	 4.177364 	 4.177364 
0.000000 	 9.329538 	 9.329538 
0.000000 	 4.122074 	 4.122074 
0.000000 	 4.169829 	 4.169829 
0.000000 	 10.844876 	 10.844876 
0.000000 	 4.179478 	 4.179478 
0.000000 	 4.133148 	 4.133148 
0.000000 	 12.303197 	 12.303197 
0.000000 	 8.377273 	 8.377273 
0.000000 	 4.114345 	 4.114345 
0.000000 	 17.114813 	 17.114813 
0.000000 	 20.893229 	 20.893229 
0.000000 	 4.132537 	 4.132537 
0.000000 	 5.649265 	 5.649265 
0.000000 	 4.105001 	 4.105001 
0.000000 	 9.968849 	 9.968849 
0.000000 	 12.333254 	 12.333254 
0.000000 	 4.118521 	 4.118521 
0.000000 	 4.129258 	 4.129258 
0.000000 	 4.138819 	 4.138819 
0.000000 	 4.132990 	 4.132990 
0.000000 	 11.046767 	 11.046767 
0.000000 	 4.132197 	 4.132197 
0.000000 	 35.966031 	 35.966031 
0.000000 	 16.386717 	 16.386717 
0.000000 	 17.219987 	 17.219987 
0.000000 	 4.131814 	 4.131814 
0.000000 	 4.175681 	 4.175681 
0.000000 	 41.577509 	 41.577509 
0.000000 	 4.138828 	 4.138828 
0.000000 	 4.164190 	 4.164190 
0.000000 	 4.158322 	 4.158322 
0.000000 	 4.139003 	 4.139003 
0.000000 	 17.771761 	 17.771761 
0.000000 	 137.515113 	 137.515113 
0.000000 	 4.143099 	 4.143099 
0.000000 	 4.153438 	 4.153438 
0.000000 	 12.042386 	 12.042386 
0.000000 	 4.196338 	 4.196338 
0.000000 	 4.170913 	 4.170913 
0.000000 	 4.189309 	 4.189309 
0.000000 	 4.094050 	 4.094050 
0.000000 	 4.098806 	 4.098806 
0.000000 	 47.424970 	 47.424970 
0.000000 	 4.201180 	 4.201180 
0.000000 	 4.184078 	 4.184078 
0.000000 	 4.166469 	 4.166469 
0.000000 	 6.576018 	 6.576018 
0.000000 	 4.094694 	 4.094694 
0.000000 	 4.170568 	 4.170568 
0.000000 	 4.740693 	 4.740693 
0.000000 	 4.140013 	 4.140013 
0.000000 	 4.972547 	 4.972547 
0.000000 	 6.255237 	 6.255237 
0.000000 	 23.244996 	 23.244996 
0.000000 	 8.061850 	 8.061850 
0.000000 	 4.108056 	 4.108056 
0.000000 	 12.662589 	 12.662589 
0.000000 	 4.122559 	 4.122559 
0.000000 	 4.150494 	 4.150494 
0.000000 	 4.237071 	 4.237071 
0.000000 	 4.195784 	 4.195784 
0.000000 	 4.148854 	 4.148854 
0.000000 	 4.695968 	 4.695968 
0.000000 	 4.182829 	 4.182829 
0.000000 	 4.174043 	 4.174043 
0.000000 	 4.170681 	 4.170681 
0.000000 	 107.451272 	 107.451272 
0.000000 	 4.995180 	 4.995180 
0.000000 	 5.750535 	 5.750535 
0.000000 	 4.126113 	 4.126113 
0.000000 	 4.176871 	 4.176871 
0.000000 	 4.168160 	 4.168160 
0.000000 	 4.137541 	 4.137541 
0.000000 	 4.276642 	 4.276642 
0.000000 	 4.151864 	 4.151864 
0.000000 	 4.129451 	 4.129451 
0.000000 	 4.167031 	 4.167031 
0.000000 	 4.160168 	 4.160168 
0.000000 	 5.648831 	 5.648831 
0.000000 	 4.536868 	 4.536868 
0.000000 	 4.178171 	 4.178171 
0.000000 	 4.241827 	 4.241827 
0.000000 	 4.633809 	 4.633809 
0.000000 	 4.106186 	 4.106186 
0.000000 	 4.412961 	 4.412961 
0.000000 	 8.766741 	 8.766741 
0.000000 	 4.102927 	 4.102927 
0.000000 	 4.982511 	 4.982511 
0.000000 	 4.117524 	 4.117524 
0.000000 	 103.774851 	 103.774851 
0.000000 	 6.684486 	 6.684486 
0.000000 	 4.545411 	 4.545411 
0.000000 	 4.221709 	 4.221709 
0.000000 	 4.121840 	 4.121840 
0.000000 	 5.496517 	 5.496517 
0.000000 	 4.137844 	 4.137844 
0.000000 	 5.202180 	 5.202180 
0.000000 	 4.116321 	 4.116321 
0.000000 	 4.098171 	 4.098171 
0.000000 	 4.096438 	 4.096438 
0.000000 	 4.751224 	 4.751224 
0.000000 	 13.376100 	 13.376100 
0.000000 	 4.108651 	 4.108651 
0.000000 	 4.127796 	 4.127796 
0.000000 	 4.092041 	 4.092041 
0.000000 	 4.112335 	 4.112335 
0.000000 	 4.152437 	 4.152437 
0.000000 	 4.169708 	 4.169708 
0.000000 	 4.172645 	 4.172645 
0.000000 	 4.141139 	 4.141139 
0.000000 	 6.150203 	 6.150203 
0.000000 	 4.187731 	 4.187731 
0.000000 	 4.134620 	 4.134620 
0.000000 	 4.108623 	 4.108623 
0.000000 	 4.231353 	 4.231353 
0.000000 	 4.179063 	 4.179063 
0.000000 	 4.139806 	 4.139806 
0.000000 	 4.186406 	 4.186406 
0.000000 	 4.124356 	 4.124356 
0.000000 	 4.123049 	 4.123049 
0.000000 	 4.266818 	 4.266818 
0.000000 	 4.132835 	 4.132835 
0.000000 	 4.179888 	 4.179888 
0.000000 	 4.138530 	 4.138530 
0.000000 	 4.187039 	 4.187039 
0.000000 	 4.180798 	 4.180798 
0.000000 	 4.120019 	 4.120019 
0.000000 	 4.180813 	 4.180813 
0.000000 	 4.260059 	 4.260059 
0.000000 	 4.948461 	 4.948461 
0.000000 	 4.515701 	 4.515701 
0.000000 	 4.107929 	 4.107929 
0.000000 	 4.182810 	 4.182810 
0.000000 	 4.259631 	 4.259631 
0.000000 	 4.494737 	 4.494737 
0.000000 	 4.173149 	 4.173149 
0.000000 	 4.188011 	 4.188011 
0.000000 	 4.262539 	 4.262539 
0.000000 	 6.686729 	 6.686729 
0.000000 	 4.308659 	 4.308659 
0.000000 	 4.191501 	 4.191501 
0.000000 	 4.432218 	 4.432218 
0.000000 	 4.239850 	 4.239850 
0.000000 	 4.185875 	 4.185875 
0.000000 	 4.202474 	 4.202474 
0.000000 	 5.683488 	 5.683488 
0.000000 	 4.226887 	 4.226887 
0.000000 	 4.210232 	 4.210232 
0.000000 	 4.605837 	 4.605837 
0.000000 	 5.351930 	 5.351930 
0.000000 	 4.174997 	 4.174997 
0.000000 	 4.172595 	 4.172595 
0.000000 	 4.243547 	 4.243547 
0.000000 	 4.173481 	 4.173481 
0.000000 	 4.173419 	 4.173419 
0.000000 	 5.745499 	 5.745499 
0.000000 	 4.640045 	 4.640045 
0.000000 	 104.769531 	 104.769531 
0.000000 	 4.141627 	 4.141627 
0.000000 	 4.399671 	 4.399671 
0.000000 	 4.242036 	 4.242036 
0.000000 	 4.135573 	 4.135573 
0.000000 	 4.556021 	 4.556021 
0.000000 	 6.590695 	 6.590695 
0.000000 	 4.128227 	 4.128227 
0.000000 	 4.131061 	 4.131061 
0.000000 	 4.112452 	 4.112452 
0.000000 	 4.204257 	 4.204257 
0.000000 	 4.190680 	 4.190680 
0.000000 	 216.793105 	 216.793105 
0.000000 	 4.213278 	 4.213278 
0.000000 	 4.165708 	 4.165708 
0.000000 	 4.148517 	 4.148517 
0.000000 	 4.128226 	 4.128226 
0.000000 	 4.435959 	 4.435959 
0.000000 	 4.193699 	 4.193699 
0.000000 	 4.276661 	 4.276661 
0.000000 	 4.160804 	 4.160804 
0.000000 	 4.131683 	 4.131683 
0.000000 	 4.156697 	 4.156697 
0.000000 	 4.184212 	 4.184212 
0.000000 	 9.422655 	 9.422655 
0.000000 	 4.172590 	 4.172590 
0.000000 	 4.178730 	 4.178730 
0.000000 	 4.115004 	 4.115004 
0.000000 	 4.171707 	 4.171707 
0.000000 	 4.814998 	 4.814998 
0.000000 	 4.360450 	 4.360450 
0.000000 	 4.219955 	 4.219955 
0.000000 	 4.174402 	 4.174402 
0.000000 	 4.170665 	 4.170665 
0.000000 	 4.188103 	 4.188103 
0.000000 	 4.107551 	 4.107551 
0.000000 	 4.268303 	 4.268303 
0.000000 	 4.222967 	 4.222967 
0.000000 	 4.175513 	 4.175513 
0.000000 	 6.621892 	 6.621892 
0.000000 	 4.168990 	 4.168990 
0.000000 	 5.245901 	 5.245901 
0.000000 	 7.237928 	 7.237928 
0.000000 	 4.167865 	 4.167865 
0.000000 	 4.128059 	 4.128059 
0.000000 	 4.167222 	 4.167222 
0.000000 	 4.302277 	 4.302277 
0.000000 	 191.162863 	 191.162863 
0.000000 	 4.396466 	 4.396466 
0.000000 	 7.171880 	 7.171880 
0.000000 	 4.133614 	 4.133614 
0.000000 	 4.171582 	 4.171582 
0.000000 	 4.166062 	 4.166062 
0.000000 	 4.170817 	 4.170817 
0.000000 	 4.118538 	 4.118538 
0.000000 	 4.170747 	 4.170747 
0.000000 	 4.172453 	 4.172453 
0.000000 	 4.174304 	 4.174304 
0.000000 	 6.644460 	 6.644460 
0.000000 	 4.617470 	 4.617470 
0.000000 	 11.223143 	 11.223143 
0.000000 	 24.000844 	 24.000844 
0.000000 	 4.175601 	 4.175601 
0.000000 	 4.183532 	 4.183532 
0.000000 	 4.192335 	 4.192335 
0.000000 	 4.190360 	 4.190360 
0.000000 	 4.136274 	 4.136274 
0.000000 	 4.144269 	 4.144269 
0.000000 	 4.133776 	 4.133776 
0.000000 	 104.231625 	 104.231625 
0.000000 	 103.992855 	 103.992855 
0.000000 	 4.179735 	 4.179735 
0.000000 	 4.185201 	 4.185201 
0.000000 	 4.171708 	 4.171708 
0.000000 	 4.186416 	 4.186416 
0.000000 	 4.123591 	 4.123591 
0.000000 	 103.888487 	 103.888487 
0.000000 	 4.104833 	 4.104833 
0.000000 	 4.105137 	 4.105137 
0.000000 	 16.844404 	 16.844404 
0.000000 	 5.235113 	 5.235113 
0.000000 	 6.245335 	 6.245335 
0.000000 	 103.886385 	 103.886385 
0.000000 	 5.525115 	 5.525115 
0.000000 	 4.982753 	 4.982753 
0.000000 	 4.098059 	 4.098059 
0.000000 	 4.677185 	 4.677185 
0.000000 	 104.092491 	 104.092491 
0.000000 	 36.573601 	 36.573601 
0.000000 	 25.876841 	 25.876841 
0.000000 	 4.105608 	 4.105608 
0.000000 	 6.704295 	 6.704295 
0.000000 	 5.980909 	 5.980909 
0.000000 	 70.371363 	 70.371363 
0.000000 	 122.315809 	 122.315809 
0.000000 	 11.574984 	 11.574984 
0.000000 	 104.038772 	 104.038772 
0.000000 	 157.798351 	 157.798351 
0.000000 	 4.122302 	 4.122302 
0.000000 	 157.746086 	 157.746086 
0.000000 	 4.126327 	 4.126327 
0.000000 	 4.115466 	 4.115466 
0.000000 	 111.137872 	 111.137872 
0.000000 	 106.038964 	 106.038964 
0.000000 	 15.257470 	 15.257470 
0.000000 	 20.948290 	 20.948290 
0.000000 	 20.780341 	 20.780341 
0.000000 	 4.102203 	 4.102203 
0.000000 	 4.097076 	 4.097076 
0.000000 	 12.331600 	 12.331600 
0.000000 	 51.130356 	 51.130356 
0.000000 	 34.527397 	 34.527397 
0.000000 	 103.906332 	 103.906332 
0.000000 	 15.257470 	 15.257470 
0.000000 	 20.780341 	 20.780341 
0.000000 	 4.102203 	 4.102203 
0.000000 	 12.331600 	 12.331600 
0.000000 	 34.527397 	 34.527397 
0.000000 	 15.812293 	 15.812293 
0.000000 	 6.939421 	 6.939421 
0.000000 	 7.014757 	 7.014757 
0.000000 	 15.499790 	 15.499790 
0.000000 	 4.110483 	 4.110483 
0.000000 	 6.772026 	 6.772026 
0.000000 	 6.045495 	 6.045495 
0.000000 	 4.378060 	 4.378060 
0.000000 	 4.138518 	 4.138518 
0.000000 	 12.023180 	 12.023180 
0.000000 	 25.115388 	 25.115388 
0.000000 	 4.927217 	 4.927217 
0.000000 	 4.676163 	 4.676163 
0.000000 	 14.114261 	 14.114261 
0.000000 	 6.367547 	 6.367547 
0.000000 	 14.747085 	 14.747085 
0.000000 	 8.094554 	 8.094554 
0.000000 	 31.989256 	 31.989256 
0.000000 	 4.602258 	 4.602258 
0.000000 	 23.684572 	 23.684572 
0.000000 	 17.966582 	 17.966582 
0.000000 	 105.417934 	 105.417934 
0.000000 	 64.012862 	 64.012862 
0.000000 	 8.877576 	 8.877576 
0.000000 	 9.158870 	 9.158870 
0.000000 	 5.664114 	 5.664114 
0.000000 	 73.809563 	 73.809563 
0.000000 	 4.935625 	 4.935625 
0.000000 	 19.989172 	 19.989172 
0.000000 	 7.592013 	 7.592013 
0.000000 	 4.158786 	 4.158786 
0.000000 	 4.625505 	 4.625505 
0.000000 	 4.094022 	 4.094022 
0.000000 	 22.378264 	 22.378264 
0.000000 	 6.509295 	 6.509295 
0.000000 	 6.667475 	 6.667475 
0.000000 	 4.895823 	 4.895823 
0.000000 	 4.310662 	 4.310662 
0.000000 	 33.026031 	 33.026031 
0.000000 	 4.119575 	 4.119575 
0.000000 	 10.424025 	 10.424025 
0.000000 	 6.304605 	 6.304605 
0.000000 	 4.161931 	 4.161931 
0.000000 	 4.397710 	 4.397710 
0.000000 	 124.638920 	 124.638920 
0.000000 	 11.550736 	 11.550736 
0.000000 	 4.770023 	 4.770023 
0.000000 	 10.776550 	 10.776550 
0.000000 	 15.952142 	 15.952142 
0.000000 	 7.111576 	 7.111576 
0.000000 	 4.699260 	 4.699260 
0.000000 	 10.949788 	 10.949788 
0.000000 	 50.555124 	 50.555124 
0.000000 	 53.911853 	 53.911853 
0.000000 	 4.785099 	 4.785099 
0.000000 	 4.514751 	 4.514751 
0.000000 	 11.421591 	 11.421591 
0.000000 	 5.150707 	 5.150707 
0.000000 	 10.038080 	 10.038080 
0.000000 	 4.399390 	 4.399390 
0.000000 	 10.517980 	 10.517980 
0.000000 	 4.603773 	 4.603773 
0.000000 	 4.422632 	 4.422632 
0.000000 	 18.221880 	 18.221880 
0.000000 	 6.260760 	 6.260760 
0.000000 	 6.971150 	 6.971150 
0.000000 	 15.321568 	 15.321568 
0.000000 	 4.661933 	 4.661933 
0.000000 	 6.549185 	 6.549185 
0.000000 	 17.041868 	 17.041868 
0.000000 	 15.929415 	 15.929415 
0.000000 	 7.790267 	 7.790267 
0.000000 	 19.437347 	 19.437347 
0.000000 	 12.604692 	 12.604692 
0.000000 	 6.608452 	 6.608452 
0.000000 	 14.454485 	 14.454485 
0.000000 	 4.681817 	 4.681817 
0.000000 	 24.431111 	 24.431111 
0.000000 	 38.800775 	 38.800775 
0.000000 	 14.943995 	 14.943995 
0.000000 	 15.454663 	 15.454663 
0.000000 	 28.833326 	 28.833326 
0.000000 	 31.561713 	 31.561713 
0.000000 	 29.459373 	 29.459373 
0.000000 	 25.892180 	 25.892180 
0.000000 	 4.266834 	 4.266834 
0.000000 	 8.244332 	 8.244332 
0.000000 	 4.710673 	 4.710673 
0.000000 	 6.859602 	 6.859602 
0.000000 	 7.864291 	 7.864291 
0.000000 	 4.705847 	 4.705847 
0.000000 	 5.067836 	 5.067836 
0.000000 	 6.697644 	 6.697644 
0.000000 	 4.122428 	 4.122428 
0.000000 	 4.547660 	 4.547660 
0.000000 	 53.053941 	 53.053941 
0.000000 	 19.244322 	 19.244322 
0.000000 	 34.594646 	 34.594646 
0.000000 	 10.119626 	 10.119626 
0.000000 	 7.078923 	 7.078923 
0.000000 	 11.564197 	 11.564197 
0.000000 	 29.197504 	 29.197504 
0.000000 	 4.246230 	 4.246230 
0.000000 	 44.170479 	 44.170479 
0.000000 	 12.668828 	 12.668828 
0.000000 	 5.129899 	 5.129899 
0.000000 	 4.824046 	 4.824046 
0.000000 	 15.456757 	 15.456757 
0.000000 	 5.532429 	 5.532429 
0.000000 	 12.843503 	 12.843503 
0.000000 	 4.431353 	 4.431353 
0.000000 	 5.931613 	 5.931613 
0.000000 	 4.125270 	 4.125270 
0.000000 	 5.374580 	 5.374580 
0.000000 	 4.204409 	 4.204409 
0.000000 	 4.464729 	 4.464729 
0.000000 	 4.113540 	 4.113540 
0.000000 	 4.093982 	 4.093982 
0.000000 	 4.099196 	 4.099196 
0.000000 	 4.097236 	 4.097236 
0.000000 	 4.096689 	 4.096689 
0.000000 	 5.184266 	 5.184266 
0.000000 	 4.751354 	 4.751354 
0.000000 	 4.491274 	 4.491274 
0.000000 	 4.092397 	 4.092397 
0.000000 	 13.886026 	 13.886026 
0.000000 	 16.424364 	 16.424364 
0.000000 	 6.381951 	 6.381951 
0.000000 	 26.413212 	 26.413212 
0.000000 	 15.073614 	 15.073614 
0.000000 	 10.728318 	 10.728318 
0.000000 	 69.821881 	 69.821881 
0.000000 	 13.296852 	 13.296852 
0.000000 	 7.265653 	 7.265653 
0.000000 	 16.625840 	 16.625840 
0.000000 	 4.114701 	 4.114701 
0.000000 	 4.179115 	 4.179115 
0.000000 	 4.139437 	 4.139437 
0.000000 	 12.581902 	 12.581902 
0.000000 	 5.645988 	 5.645988 
0.000000 	 6.218064 	 6.218064 
0.000000 	 5.590148 	 5.590148 
0.000000 	 13.053713 	 13.053713 
0.000000 	 4.105505 	 4.105505 
0.000000 	 4.106299 	 4.106299 
0.000000 	 4.099491 	 4.099491 
0.000000 	 4.172181 	 4.172181 
0.000000 	 4.092912 	 4.092912 
0.000000 	 4.090083 	 4.090083 
0.000000 	 4.088884 	 4.088884 
0.000000 	 4.088811 	 4.088811 
0.000000 	 23.854328 	 23.854328 
0.000000 	 7.063440 	 7.063440 
0.000000 	 4.090530 	 4.090530 
0.000000 	 4.101465 	 4.101465 
0.000000 	 6.281180 	 6.281180 
0.000000 	 13.479552 	 13.479552 
0.000000 	 4.104658 	 4.104658 
0.000000 	 9.573230 	 9.573230 
0.000000 	 6.148815 	 6.148815 
0.000000 	 8.005293 	 8.005293 
0.000000 	 4.293574 	 4.293574 
0.000000 	 4.961515 	 4.961515 
0.000000 	 7.168559 	 7.168559 
0.000000 	 5.662251 	 5.662251 
0.000000 	 7.065922 	 7.065922 
0.000000 	 13.910191 	 13.910191 
0.000000 	 4.108915 	 4.108915 
0.000000 	 4.958418 	 4.958418 
0.000000 	 10.004565 	 10.004565 
0.000000 	 4.234342 	 4.234342 
0.000000 	 4.097320 	 4.097320 
0.000000 	 4.128624 	 4.128624 
0.000000 	 4.104444 	 4.104444 
0.000000 	 4.246103 	 4.246103 
0.000000 	 4.092274 	 4.092274 
0.000000 	 4.098084 	 4.098084 
0.000000 	 4.108742 	 4.108742 
0.000000 	 4.089568 	 4.089568 
0.000000 	 4.267149 	 4.267149 
0.000000 	 4.102068 	 4.102068 
0.000000 	 4.873495 	 4.873495 
0.000000 	 4.133294 	 4.133294 
0.000000 	 4.384723 	 4.384723 
0.000000 	 4.169916 	 4.169916 
0.000000 	 4.705016 	 4.705016 
0.000000 	 4.111128 	 4.111128 
0.000000 	 4.225582 	 4.225582 
0.000000 	 4.178511 	 4.178511 
0.000000 	 4.434079 	 4.434079 
0.000000 	 6.796440 	 6.796440 
0.000000 	 4.108682 	 4.108682 
0.000000 	 4.092897 	 4.092897 
0.000000 	 4.273054 	 4.273054 
0.000000 	 4.284940 	 4.284940 
0.000000 	 4.163394 	 4.163394 
0.000000 	 4.117187 	 4.117187 
0.000000 	 5.251893 	 5.251893 
0.000000 	 9.409550 	 9.409550 
0.000000 	 8.882759 	 8.882759 
0.000000 	 4.189348 	 4.189348 
0.000000 	 4.133040 	 4.133040 
0.000000 	 9.386559 	 9.386559 
0.000000 	 13.344485 	 13.344485 
0.000000 	 6.509658 	 6.509658 
0.000000 	 4.110623 	 4.110623 
0.000000 	 4.349745 	 4.349745 
0.000000 	 4.236551 	 4.236551 
0.000000 	 4.126376 	 4.126376 
0.000000 	 4.797525 	 4.797525 
0.000000 	 12.279204 	 12.279204 
0.000000 	 9.534640 	 9.534640 
0.000000 	 8.567342 	 8.567342 
0.000000 	 5.624164 	 5.624164 
0.000000 	 4.152160 	 4.152160 
0.000000 	 4.209067 	 4.209067 
0.000000 	 6.666227 	 6.666227 
0.000000 	 5.236244 	 5.236244 
0.000000 	 6.670680 	 6.670680 
0.000000 	 5.741303 	 5.741303 
0.000000 	 4.116266 	 4.116266 
0.000000 	 9.370890 	 9.370890 
0.000000 	 4.677396 	 4.677396 
0.000000 	 4.150777 	 4.150777 
0.000000 	 4.107551 	 4.107551 
0.000000 	 14.118101 	 14.118101 
0.000000 	 10.574731 	 10.574731 
0.000000 	 79.282067 	 79.282067 
0.000000 	 4.827220 	 4.827220 
0.000000 	 4.154568 	 4.154568 
0.000000 	 26.668292 	 26.668292 
0.000000 	 16.933899 	 16.933899 
0.000000 	 7.213365 	 7.213365 
0.000000 	 104.163880 	 104.163880 
0.000000 	 18.191760 	 18.191760 
0.000000 	 10.806329 	 10.806329 
0.000000 	 4.125334 	 4.125334 
0.000000 	 5.064964 	 5.064964 
0.000000 	 4.114987 	 4.114987 
0.000000 	 8.008384 	 8.008384 
0.000000 	 4.122378 	 4.122378 
0.000000 	 15.296886 	 15.296886 
0.000000 	 103.939055 	 103.939055 
0.000000 	 4.107140 	 4.107140 
0.000000 	 23.577728 	 23.577728 
0.000000 	 4.548862 	 4.548862 
0.000000 	 4.107319 	 4.107319 
0.000000 	 4.625487 	 4.625487 
0.000000 	 11.532800 	 11.532800 
0.000000 	 11.545523 	 11.545523 
0.000000 	 8.542532 	 8.542532 
0.000000 	 4.145740 	 4.145740 
0.000000 	 7.178541 	 7.178541 
0.000000 	 4.801831 	 4.801831 
0.000000 	 4.104737 	 4.104737 
0.000000 	 10.131128 	 10.131128 
0.000000 	 4.123545 	 4.123545 
0.000000 	 25.050398 	 25.050398 
0.000000 	 15.845600 	 15.845600 
0.000000 	 4.186685 	 4.186685 
0.000000 	 104.142908 	 104.142908 
0.000000 	 6.202532 	 6.202532 
0.000000 	 4.130515 	 4.130515 
0.000000 	 5.076243 	 5.076243 
0.000000 	 103.782247 	 103.782247 
0.000000 	 4.104837 	 4.104837 
0.000000 	 7.338480 	 7.338480 
0.000000 	 4.105101 	 4.105101 
0.000000 	 4.090343 	 4.090343 
0.000000 	 5.414966 	 5.414966 
0.000000 	 4.523393 	 4.523393 
0.000000 	 4.105717 	 4.105717 
0.000000 	 4.090429 	 4.090429 
0.000000 	 4.125367 	 4.125367 
0.000000 	 4.090154 	 4.090154 
0.000000 	 103.953303 	 103.953303 
0.000000 	 12.289531 	 12.289531 
0.000000 	 12.234739 	 12.234739 
0.000000 	 14.262133 	 14.262133 
0.000000 	 6.214417 	 6.214417 
0.000000 	 103.973373 	 103.973373 
0.000000 	 37.628297 	 37.628297 
0.000000 	 103.913986 	 103.913986 
0.000000 	 15.535180 	 15.535180 
0.000000 	 104.066482 	 104.066482 
0.000000 	 4.093072 	 4.093072 
0.000000 	 4.155646 	 4.155646 
0.000000 	 4.092923 	 4.092923 
0.000000 	 4.256599 	 4.256599 
0.000000 	 103.801489 	 103.801489 
0.000000 	 103.956996 	 103.956996 
0.000000 	 103.902563 	 103.902563 
0.000000 	 4.106257 	 4.106257 
0.000000 	 4.104854 	 4.104854 
0.000000 	 4.091996 	 4.091996 
0.000000 	 4.180893 	 4.180893 
0.000000 	 4.173281 	 4.173281 
0.000000 	 8.390833 	 8.390833 
0.000000 	 4.107170 	 4.107170 
0.000000 	 4.106245 	 4.106245 
0.000000 	 4.118665 	 4.118665 
0.000000 	 4.137297 	 4.137297 
0.000000 	 8.054593 	 8.054593 
0.000000 	 4.107498 	 4.107498 
0.000000 	 55.195796 	 55.195796 
0.000000 	 4.102925 	 4.102925 
0.000000 	 4.104370 	 4.104370 
0.000000 	 4.097906 	 4.097906 
0.000000 	 5.399985 	 5.399985 
0.000000 	 11.617561 	 11.617561 
0.000000 	 4.211961 	 4.211961 
0.000000 	 102.863260 	 102.863260 
0.000000 	 4.102087 	 4.102087 
0.000000 	 7.108745 	 7.108745 
0.000000 	 4.091255 	 4.091255 
0.000000 	 4.149096 	 4.149096 
0.000000 	 8.691065 	 8.691065 
0.000000 	 76.766977 	 76.766977 
0.000000 	 17.218525 	 17.218525 
0.000000 	 84.277537 	 84.277537 
0.000000 	 13.948913 	 13.948913 
0.000000 	 22.075485 	 22.075485 
0.000000 	 16.290743 	 16.290743 
0.000000 	 7.407244 	 7.407244 
0.000000 	 6.491194 	 6.491194 
0.000000 	 104.525340 	 104.525340 
0.000000 	 19.545929 	 19.545929 
0.000000 	 32.970080 	 32.970080 
0.000000 	 104.123767 	 104.123767 
0.000000 	 18.950231 	 18.950231 
0.000000 	 104.235264 	 104.235264 
0.000000 	 104.733087 	 104.733087 
0.000000 	 104.581561 	 104.581561 
0.000000 	 4.156219 	 4.156219 
0.000000 	 104.147998 	 104.147998 
0.000000 	 104.235264 	 104.235264 
0.000000 	 104.733087 	 104.733087 
0.000000 	 104.581561 	 104.581561 
0.000000 	 4.156219 	 4.156219 
0.000000 	 104.147998 	 104.147998 
0.000000 	 11.627175 	 11.627175 
0.000000 	 12.536679 	 12.536679 
0.000000 	 105.243470 	 105.243470 
0.000000 	 104.019108 	 104.019108 
0.000000 	 9.488766 	 9.488766 
0.000000 	 4.904002 	 4.904002 
0.000000 	 105.542738 	 105.542738 
0.000000 	 9.337468 	 9.337468 
0.000000 	 11.238636 	 11.238636 
0.000000 	 104.169160 	 104.169160 
0.000000 	 104.453398 	 104.453398 
0.000000 	 9.295988 	 9.295988 
0.000000 	 104.132846 	 104.132846 
0.000000 	 104.074493 	 104.074493 
0.000000 	 17.214691 	 17.214691 
0.000000 	 104.309355 	 104.309355 
0.000000 	 104.253059 	 104.253059 
0.000000 	 104.087292 	 104.087292 
0.000000 	 104.953835 	 104.953835 
0.000000 	 24.129809 	 24.129809 
0.000000 	 104.215966 	 104.215966 
0.000000 	 103.986754 	 103.986754 
0.000000 	 103.940990 	 103.940990 
0.000000 	 104.181073 	 104.181073 
0.000000 	 104.163356 	 104.163356 
0.000000 	 9.504697 	 9.504697 
0.000000 	 10.591280 	 10.591280 
0.000000 	 8.174957 	 8.174957 
0.000000 	 104.016811 	 104.016811 
0.000000 	 13.120935 	 13.120935 
0.000000 	 9.416834 	 9.416834 
0.000000 	 8.513663 	 8.513663 
0.000000 	 104.550757 	 104.550757 
0.000000 	 7.288142 	 7.288142 
0.000000 	 29.648889 	 29.648889 
0.000000 	 103.950961 	 103.950961 
0.000000 	 19.221412 	 19.221412 
0.000000 	 15.955310 	 15.955310 
0.000000 	 18.207711 	 18.207711 
0.000000 	 104.124488 	 104.124488 
0.000000 	 83.590390 	 83.590390 
0.000000 	 9.825011 	 9.825011 
0.000000 	 106.701001 	 106.701001 
0.000000 	 104.094466 	 104.094466 
0.000000 	 7.716884 	 7.716884 
0.000000 	 104.240266 	 104.240266 
0.000000 	 104.398474 	 104.398474 
0.000000 	 61.209233 	 61.209233 
0.000000 	 25.147750 	 25.147750 
0.000000 	 104.096860 	 104.096860 
0.000000 	 104.201284 	 104.201284 
0.000000 	 7.221382 	 7.221382 
0.000000 	 104.031423 	 104.031423 
0.000000 	 10.119081 	 10.119081 
0.000000 	 103.951363 	 103.951363 
0.000000 	 21.205405 	 21.205405 
0.000000 	 4.100033 	 4.100033 
0.000000 	 4.090282 	 4.090282 
0.000000 	 4.169010 	 4.169010 
0.000000 	 13.773310 	 13.773310 
0.000000 	 4.089954 	 4.089954 
0.000000 	 4.135093 	 4.135093 
0.000000 	 4.128161 	 4.128161 
0.000000 	 4.088972 	 4.088972 
0.000000 	 4.092365 	 4.092365 
0.000000 	 104.091207 	 104.091207 
0.000000 	 4.545544 	 4.545544 
0.000000 	 104.206992 	 104.206992 
0.000000 	 8.768090 	 8.768090 
0.000000 	 59.880888 	 59.880888 
0.000000 	 8.164227 	 8.164227 
0.000000 	 4.557932 	 4.557932 
0.000000 	 6.270873 	 6.270873 
0.000000 	 14.686890 	 14.686890 
0.000000 	 127.605167 	 127.605167 
0.000000 	 10.252912 	 10.252912 
0.000000 	 7.894347 	 7.894347 
0.000000 	 4.119561 	 4.119561 
0.000000 	 4.107014 	 4.107014 
0.000000 	 70.451239 	 70.451239 
0.000000 	 5.536210 	 5.536210 
0.000000 	 4.100172 	 4.100172 
0.000000 	 4.320158 	 4.320158 
0.000000 	 20.935680 	 20.935680 
0.000000 	 8.617335 	 8.617335 
0.000000 	 10.001643 	 10.001643 
0.000000 	 14.423926 	 14.423926 
0.000000 	 4.103971 	 4.103971 
0.000000 	 4.093172 	 4.093172 
0.000000 	 5.972344 	 5.972344 
0.000000 	 4.218237 	 4.218237 
0.000000 	 104.359362 	 104.359362 
0.000000 	 10.688877 	 10.688877 
0.000000 	 21.014618 	 21.014618 
0.000000 	 12.033267 	 12.033267 
0.000000 	 12.768575 	 12.768575 
0.000000 	 7.814927 	 7.814927 
0.000000 	 10.889728 	 10.889728 
0.000000 	 25.247573 	 25.247573 
0.000000 	 12.010361 	 12.010361 
0.000000 	 104.112665 	 104.112665 
0.000000 	 28.966930 	 28.966930 
0.000000 	 17.658434 	 17.658434 
0.000000 	 23.593278 	 23.593278 
0.000000 	 104.019060 	 104.019060 
0.000000 	 14.763459 	 14.763459 
0.000000 	 51.386345 	 51.386345 
0.000000 	 34.130979 	 34.130979 
0.000000 	 64.942766 	 64.942766 
0.000000 	 104.121123 	 104.121123 
0.000000 	 76.809826 	 76.809826 
0.000000 	 35.217423 	 35.217423 
0.000000 	 84.062671 	 84.062671 
0.000000 	 6.627954 	 6.627954 
0.000000 	 104.229070 	 104.229070 
0.000000 	 103.945292 	 103.945292 
0.000000 	 17.905759 	 17.905759 
0.000000 	 132.327129 	 132.327129 
0.000000 	 48.293321 	 48.293321 
0.000000 	 10.646256 	 10.646256 
0.000000 	 10.362579 	 10.362579 
0.000000 	 12.597878 	 12.597878 
0.000000 	 15.225144 	 15.225144 
0.000000 	 104.073790 	 104.073790 
0.000000 	 74.586073 	 74.586073 
0.000000 	 23.787000 	 23.787000 
0.000000 	 69.338110 	 69.338110 
0.000000 	 9.859208 	 9.859208 
0.000000 	 103.905732 	 103.905732 
0.000000 	 66.646616 	 66.646616 
0.000000 	 104.224072 	 104.224072 
0.000000 	 7.717354 	 7.717354 
0.000000 	 104.145467 	 104.145467 
0.000000 	 29.780474 	 29.780474 
0.000000 	 103.798907 	 103.798907 
0.000000 	 18.034323 	 18.034323 
0.000000 	 13.494183 	 13.494183 
0.000000 	 104.006933 	 104.006933 
0.000000 	 25.369029 	 25.369029 
0.000000 	 103.811310 	 103.811310 
0.000000 	 27.685849 	 27.685849 
0.000000 	 103.928869 	 103.928869 
0.000000 	 4.122072 	 4.122072 
0.000000 	 4.097893 	 4.097893 
0.000000 	 57.391302 	 57.391302 
0.000000 	 56.381382 	 56.381382 
0.000000 	 103.777298 	 103.777298 
0.000000 	 4.089722 	 4.089722 
0.000000 	 4.088429 	 4.088429 
0.000000 	 4.088341 	 4.088341 
0.000000 	 17.053924 	 17.053924 
0.000000 	 41.619533 	 41.619533 
0.000000 	 4.088341 	 4.088341 
0.000000 	 4.088345 	 4.088345 
0.000000 	 10.106292 	 10.106292 
0.000000 	 18.971251 	 18.971251 
0.000000 	 4.097611 	 4.097611 
0.000000 	 20.795114 	 20.795114 
0.000000 	 4.089601 	 4.089601 
0.000000 	 42.741274 	 42.741274 
0.000000 	 35.300314 	 35.300314 
0.000000 	 39.162517 	 39.162517 
0.000000 	 92.039008 	 92.039008 
0.000000 	 115.669289 	 115.669289 
0.000000 	 47.926032 	 47.926032 
0.000000 	 4.390899 	 4.390899 
0.000000 	 32.730653 	 32.730653 
0.000000 	 38.234363 	 38.234363 
0.000000 	 19.771879 	 19.771879 
0.000000 	 114.961251 	 114.961251 
0.000000 	 14.646002 	 14.646002 
0.000000 	 63.841042 	 63.841042 
0.000000 	 26.615912 	 26.615912 
0.000000 	 87.626637 	 87.626637 
0.000000 	 4.105875 	 4.105875 
0.000000 	 92.991369 	 92.991369 
0.000000 	 117.438300 	 117.438300 
0.000000 	 34.950520 	 34.950520 
0.000000 	 58.639926 	 58.639926 
0.000000 	 9.842156 	 9.842156 
0.000000 	 15.334546 	 15.334546 
0.000000 	 4.223889 	 4.223889 
0.000000 	 11.629171 	 11.629171 
0.000000 	 4.125522 	 4.125522 
0.000000 	 64.135474 	 64.135474 
0.000000 	 18.342606 	 18.342606 
0.000000 	 4.130497 	 4.130497 
0.000000 	 4.219571 	 4.219571 
0.000000 	 4.132131 	 4.132131 
0.000000 	 31.012898 	 31.012898 
0.000000 	 81.105133 	 81.105133 
0.000000 	 56.984478 	 56.984478 
0.000000 	 4.554627 	 4.554627 
0.000000 	 4.184050 	 4.184050 
0.000000 	 4.106535 	 4.106535 
0.000000 	 4.143146 	 4.143146 
0.000000 	 4.987913 	 4.987913 
0.000000 	 123.693224 	 123.693224 
0.000000 	 4.112203 	 4.112203 
0.000000 	 4.160682 	 4.160682 
0.000000 	 54.908695 	 54.908695 
0.000000 	 70.831995 	 70.831995 
0.000000 	 151.481407 	 151.481407 
0.000000 	 21.711104 	 21.711104 
0.000000 	 34.531017 	 34.531017 
0.000000 	 86.375590 	 86.375590 
0.000000 	 130.878153 	 130.878153 
0.000000 	 115.026588 	 115.026588 
0.000000 	 178.075167 	 178.075167 
0.000000 	 37.312919 	 37.312919 
0.000000 	 132.567163 	 132.567163 
0.000000 	 166.756066 	 166.756066 
0.000000 	 32.813516 	 32.813516 
0.000000 	 94.078079 	 94.078079 
0.000000 	 30.193107 	 30.193107 
0.000000 	 96.712408 	 96.712408 
0.000000 	 35.434206 	 35.434206 
0.000000 	 128.600619 	 128.600619 
0.000000 	 31.190260 	 31.190260 
0.000000 	 31.442814 	 31.442814 
0.000000 	 88.853353 	 88.853353 
0.000000 	 4.221393 	 4.221393 
0.000000 	 30.179192 	 30.179192 
0.000000 	 58.299288 	 58.299288 
0.000000 	 96.634141 	 96.634141 
0.000000 	 95.050665 	 95.050665 
0.000000 	 127.822372 	 127.822372 
0.000000 	 30.405417 	 30.405417 
0.000000 	 79.219195 	 79.219195 
0.000000 	 57.157458 	 57.157458 
0.000000 	 21.915138 	 21.915138 
0.000000 	 18.657069 	 18.657069 
0.000000 	 25.458036 	 25.458036 
0.000000 	 91.956394 	 91.956394 
0.000000 	 30.200869 	 30.200869 
0.000000 	 77.870728 	 77.870728 
0.000000 	 153.372710 	 153.372710 
0.000000 	 163.347583 	 163.347583 
0.000000 	 21.631733 	 21.631733 
0.000000 	 208.518965 	 208.518965 
0.000000 	 107.014011 	 107.014011 
0.000000 	 282.098796 	 282.098796 
0.000000 	 284.556269 	 284.556269 
0.000000 	 54.175530 	 54.175530 
0.000000 	 216.018483 	 216.018483 
0.000000 	 27.623873 	 27.623873 
0.000000 	 19.317718 	 19.317718 
0.000000 	 4.358706 	 4.358706 
0.000000 	 232.095666 	 232.095666 
0.000000 	 193.084716 	 193.084716 
0.000000 	 57.284075 	 57.284075 
0.000000 	 18.009563 	 18.009563 
0.000000 	 4.152387 	 4.152387 
0.000000 	 26.512125 	 26.512125 
0.000000 	 84.843055 	 84.843055 
0.000000 	 4.358706 	 4.358706 
0.000000 	 232.095666 	 232.095666 
0.000000 	 57.284075 	 57.284075 
0.000000 	 18.009563 	 18.009563 
0.000000 	 4.152387 	 4.152387 
0.000000 	 27.441912 	 27.441912 
0.000000 	 355.741639 	 355.741639 
0.000000 	 4.096061 	 4.096061 
0.000000 	 35.178889 	 35.178889 
0.000000 	 13.518915 	 13.518915 
0.000000 	 125.037904 	 125.037904 
0.000000 	 141.330478 	 141.330478 
0.000000 	 358.441614 	 358.441614 
0.000000 	 4.115662 	 4.115662 
0.000000 	 34.175764 	 34.175764 
0.000000 	 161.182235 	 161.182235 
0.000000 	 4.148757 	 4.148757 
0.000000 	 4.181120 	 4.181120 
0.000000 	 60.433408 	 60.433408 
0.000000 	 6.010875 	 6.010875 
0.000000 	 200.732946 	 200.732946 
0.000000 	 57.560888 	 57.560888 
0.000000 	 39.433896 	 39.433896 
0.000000 	 4.295314 	 4.295314 
0.000000 	 61.045273 	 61.045273 
0.000000 	 59.123745 	 59.123745 
0.000000 	 4.179357 	 4.179357 
0.000000 	 179.117708 	 179.117708 
0.000000 	 22.285696 	 22.285696 
0.000000 	 115.680221 	 115.680221 
0.000000 	 328.425809 	 328.425809 
0.000000 	 4.180560 	 4.180560 
0.000000 	 133.686677 	 133.686677 
0.000000 	 211.588844 	 211.588844 
0.000000 	 214.026307 	 214.026307 
0.000000 	 107.571926 	 107.571926 
0.000000 	 74.142758 	 74.142758 
0.000000 	 4.183529 	 4.183529 
0.000000 	 260.003403 	 260.003403 
0.000000 	 19.853789 	 19.853789 
0.000000 	 286.033503 	 286.033503 
0.000000 	 62.403249 	 62.403249 
0.000000 	 35.434163 	 35.434163 
0.000000 	 224.188874 	 224.188874 
0.000000 	 15.332065 	 15.332065 
0.000000 	 193.793946 	 193.793946 
0.000000 	 97.586472 	 97.586472 
0.000000 	 243.653965 	 243.653965 
0.000000 	 194.306800 	 194.306800 
0.000000 	 4.175375 	 4.175375 
0.000000 	 59.914875 	 59.914875 
0.000000 	 5.373922 	 5.373922 
0.000000 	 23.679091 	 23.679091 
0.000000 	 17.119370 	 17.119370 
0.000000 	 4.089747 	 4.089747 
0.000000 	 5.415290 	 5.415290 
0.000000 	 4.175914 	 4.175914 
0.000000 	 4.606164 	 4.606164 
0.000000 	 46.897758 	 46.897758 
0.000000 	 52.513379 	 52.513379 
0.000000 	 338.902328 	 338.902328 
0.000000 	 4.145371 	 4.145371 
0.000000 	 38.407463 	 38.407463 
0.000000 	 28.437267 	 28.437267 
0.000000 	 88.257929 	 88.257929 
0.000000 	 221.252555 	 221.252555 
0.000000 	 151.564546 	 151.564546 
0.000000 	 12.224938 	 12.224938 
0.000000 	 34.241611 	 34.241611 
0.000000 	 4.171603 	 4.171603 
0.000000 	 4.102698 	 4.102698 
0.000000 	 9.278422 	 9.278422 
0.000000 	 58.470989 	 58.470989 
0.000000 	 37.298992 	 37.298992 
0.000000 	 4.922607 	 4.922607 
0.000000 	 4.110611 	 4.110611 
0.000000 	 4.116719 	 4.116719 
0.000000 	 4.906478 	 4.906478 
0.000000 	 4.111142 	 4.111142 
0.000000 	 4.779595 	 4.779595 
0.000000 	 4.180662 	 4.180662 
0.000000 	 98.339181 	 98.339181 
0.000000 	 99.426700 	 99.426700 
0.000000 	 4.200991 	 4.200991 
0.000000 	 21.023769 	 21.023769 
0.000000 	 193.884257 	 193.884257 
0.000000 	 53.485663 	 53.485663 
0.000000 	 4.212870 	 4.212870 
0.000000 	 4.116619 	 4.116619 
0.000000 	 52.153372 	 52.153372 
0.000000 	 4.095210 	 4.095210 
0.000000 	 6.282486 	 6.282486 
0.000000 	 4.106428 	 4.106428 
0.000000 	 5.242007 	 5.242007 
0.000000 	 4.090238 	 4.090238 
0.000000 	 4.090663 	 4.090663 
0.000000 	 4.089492 	 4.089492 
0.000000 	 4.090154 	 4.090154 
0.000000 	 13.489871 	 13.489871 
0.000000 	 16.352171 	 16.352171 
0.000000 	 4.110574 	 4.110574 
0.000000 	 4.091015 	 4.091015 
0.000000 	 4.089840 	 4.089840 
0.000000 	 4.091187 	 4.091187 
0.000000 	 16.793527 	 16.793527 
0.000000 	 4.118052 	 4.118052 
0.000000 	 4.097159 	 4.097159 
0.000000 	 4.091261 	 4.091261 
0.000000 	 4.089742 	 4.089742 
0.000000 	 67.011691 	 67.011691 
0.000000 	 4.180644 	 4.180644 
0.000000 	 4.108746 	 4.108746 
0.000000 	 61.919599 	 61.919599 
0.000000 	 4.146793 	 4.146793 
0.000000 	 185.431394 	 185.431394 
0.000000 	 4.115827 	 4.115827 
0.000000 	 4.114620 	 4.114620 
0.000000 	 4.149707 	 4.149707 
0.000000 	 96.494920 	 96.494920 
0.000000 	 4.100216 	 4.100216 
0.000000 	 4.172244 	 4.172244 
0.000000 	 119.908906 	 119.908906 
0.000000 	 159.462516 	 159.462516 
0.000000 	 4.107164 	 4.107164 
0.000000 	 4.118654 	 4.118654 
0.000000 	 4.116867 	 4.116867 
0.000000 	 4.105922 	 4.105922 
0.000000 	 33.583144 	 33.583144 
0.000000 	 28.149814 	 28.149814 
0.000000 	 4.298660 	 4.298660 
0.000000 	 73.439819 	 73.439819 
0.000000 	 4.097253 	 4.097253 
0.000000 	 4.092974 	 4.092974 
0.000000 	 8.985387 	 8.985387 
0.000000 	 4.161047 	 4.161047 
0.000000 	 4.092350 	 4.092350 
0.000000 	 4.121971 	 4.121971 
0.000000 	 4.096610 	 4.096610 
0.000000 	 4.145712 	 4.145712 
0.000000 	 4.789082 	 4.789082 
0.000000 	 8.076131 	 8.076131 
0.000000 	 5.973350 	 5.973350 
0.000000 	 115.460645 	 115.460645 
0.000000 	 73.621656 	 73.621656 
0.000000 	 76.840087 	 76.840087 
0.000000 	 23.162450 	 23.162450 
0.000000 	 30.805060 	 30.805060 
0.000000 	 63.699041 	 63.699041 
0.000000 	 14.955159 	 14.955159 
0.000000 	 92.934615 	 92.934615 
0.000000 	 115.460645 	 115.460645 
0.000000 	 76.840087 	 76.840087 
0.000000 	 30.805060 	 30.805060 
0.000000 	 63.699041 	 63.699041 
0.000000 	 92.934615 	 92.934615 
0.000000 	 4.468203 	 4.468203 
0.000000 	 94.784329 	 94.784329 
0.000000 	 82.059551 	 82.059551 
0.000000 	 32.046506 	 32.046506 
0.000000 	 166.208266 	 166.208266 
0.000000 	 4.671555 	 4.671555 
0.000000 	 4.091947 	 4.091947 
0.000000 	 4.091108 	 4.091108 
0.000000 	 4.091059 	 4.091059 
0.000000 	 4.981687 	 4.981687 
0.000000 	 8.489909 	 8.489909 
0.000000 	 5.194020 	 5.194020 
0.000000 	 6.068249 	 6.068249 
0.000000 	 4.121761 	 4.121761 
0.000000 	 6.045689 	 6.045689 
0.000000 	 4.088576 	 4.088576 
0.000000 	 4.145219 	 4.145219 
0.000000 	 4.170564 	 4.170564 
0.000000 	 4.160071 	 4.160071 
0.000000 	 4.104810 	 4.104810 
0.000000 	 4.092432 	 4.092432 
0.000000 	 6.772589 	 6.772589 
0.000000 	 4.091227 	 4.091227 
0.000000 	 4.098559 	 4.098559 
0.000000 	 4.461740 	 4.461740 
0.000000 	 94.784329 	 94.784329 
0.000000 	 166.208266 	 166.208266 
0.000000 	 128.765238 	 128.765238 
0.000000 	 11.285027 	 11.285027 
0.000000 	 170.994037 	 170.994037 
0.000000 	 4.750536 	 4.750536 
0.000000 	 96.170309 	 96.170309 
0.000000 	 23.396646 	 23.396646 
0.000000 	 16.761886 	 16.761886 
0.000000 	 105.834505 	 105.834505 
0.000000 	 6.719177 	 6.719177 
0.000000 	 70.501164 	 70.501164 
0.000000 	 33.234155 	 33.234155 
0.000000 	 4.103012 	 4.103012 
0.000000 	 8.008971 	 8.008971 
0.000000 	 7.456763 	 7.456763 
0.000000 	 4.158412 	 4.158412 
0.000000 	 4.660117 	 4.660117 
0.000000 	 12.166564 	 12.166564 
0.000000 	 171.904479 	 171.904479 
0.000000 	 72.433782 	 72.433782 
0.000000 	 4.146656 	 4.146656 
0.000000 	 19.735547 	 19.735547 
0.000000 	 4.178190 	 4.178190 
0.000000 	 15.578585 	 15.578585 
0.000000 	 9.552777 	 9.552777 
0.000000 	 4.769443 	 4.769443 
0.000000 	 6.942322 	 6.942322 
0.000000 	 24.651846 	 24.651846 
0.000000 	 14.788440 	 14.788440 
0.000000 	 59.399068 	 59.399068 
0.000000 	 4.122193 	 4.122193 
0.000000 	 24.814478 	 24.814478 
0.000000 	 14.185955 	 14.185955 
0.000000 	 8.983273 	 8.983273 
0.000000 	 4.183109 	 4.183109 
0.000000 	 4.104586 	 4.104586 
0.000000 	 4.152744 	 4.152744 
0.000000 	 38.638576 	 38.638576 
0.000000 	 47.284866 	 47.284866 
0.000000 	 85.104416 	 85.104416 
0.000000 	 20.520539 	 20.520539 
0.000000 	 5.166262 	 5.166262 
0.000000 	 82.017134 	 82.017134 
0.000000 	 52.759865 	 52.759865 
0.000000 	 84.025402 	 84.025402 
0.000000 	 79.866030 	 79.866030 
0.000000 	 4.838957 	 4.838957 
0.000000 	 64.714541 	 64.714541 
0.000000 	 42.457722 	 42.457722 
0.000000 	 7.351463 	 7.351463 
0.000000 	 88.956420 	 88.956420 
0.000000 	 86.233590 	 86.233590 
0.000000 	 23.154164 	 23.154164 
0.000000 	 90.317025 	 90.317025 
0.000000 	 262.140839 	 262.140839 
0.000000 	 244.857145 	 244.857145 
0.000000 	 14.590780 	 14.590780 
0.000000 	 23.238974 	 23.238974 
0.000000 	 7.080368 	 7.080368 
0.000000 	 19.519451 	 19.519451 
0.000000 	 4.242570 	 4.242570 
0.000000 	 126.329224 	 126.329224 
0.000000 	 4.090134 	 4.090134 
0.000000 	 4.089887 	 4.089887 
0.000000 	 4.097525 	 4.097525 
0.000000 	 4.100130 	 4.100130 
0.000000 	 377.677154 	 377.677154 
0.000000 	 4.129732 	 4.129732 
0.000000 	 4.161928 	 4.161928 
0.000000 	 15.024818 	 15.024818 
0.000000 	 255.059069 	 255.059069 
0.000000 	 5.714662 	 5.714662 
0.000000 	 7.981674 	 7.981674 
0.000000 	 57.090870 	 57.090870 
0.000000 	 121.278422 	 121.278422 
0.000000 	 34.910437 	 34.910437 
0.000000 	 69.352177 	 69.352177 
0.000000 	 12.336658 	 12.336658 
0.000000 	 92.502913 	 92.502913 
0.000000 	 270.160936 	 270.160936 
0.000000 	 4.096089 	 4.096089 
0.000000 	 4.709707 	 4.709707 
0.000000 	 5.727064 	 5.727064 
0.000000 	 4.233265 	 4.233265 
0.000000 	 20.830361 	 20.830361 
0.000000 	 9.718666 	 9.718666 
0.000000 	 4.152680 	 4.152680 
0.000000 	 4.145860 	 4.145860 
0.000000 	 85.115820 	 85.115820 
0.000000 	 4.159217 	 4.159217 
0.000000 	 4.976902 	 4.976902 
0.000000 	 36.459459 	 36.459459 
0.000000 	 5.520730 	 5.520730 
0.000000 	 131.690322 	 131.690322 
0.000000 	 52.868124 	 52.868124 
0.000000 	 40.299936 	 40.299936 
0.000000 	 4.767061 	 4.767061 
0.000000 	 112.076303 	 112.076303 
0.000000 	 4.757935 	 4.757935 
0.000000 	 4.090548 	 4.090548 
0.000000 	 4.124238 	 4.124238 
0.000000 	 4.172013 	 4.172013 
0.000000 	 4.304858 	 4.304858 
0.000000 	 4.100133 	 4.100133 
0.000000 	 4.171667 	 4.171667 
0.000000 	 4.527152 	 4.527152 
0.000000 	 4.123675 	 4.123675 
0.000000 	 6.858345 	 6.858345 
0.000000 	 12.611043 	 12.611043 
0.000000 	 8.077326 	 8.077326 
0.000000 	 110.298119 	 110.298119 
0.000000 	 292.745658 	 292.745658 
0.000000 	 4.940360 	 4.940360 
0.000000 	 238.557848 	 238.557848 
0.000000 	 233.727177 	 233.727177 
0.000000 	 137.939746 	 137.939746 
0.000000 	 144.405424 	 144.405424 
0.000000 	 321.507721 	 321.507721 
0.000000 	 43.669521 	 43.669521 
0.000000 	 124.302728 	 124.302728 
0.000000 	 267.474382 	 267.474382 
0.000000 	 146.176220 	 146.176220 
0.000000 	 130.367959 	 130.367959 
0.000000 	 144.648123 	 144.648123 
0.000000 	 138.773275 	 138.773275 
0.000000 	 149.301627 	 149.301627 
0.000000 	 133.275609 	 133.275609 
0.000000 	 24.099790 	 24.099790 
0.000000 	 35.561280 	 35.561280 
0.000000 	 5.026558 	 5.026558 
0.000000 	 58.188373 	 58.188373 
0.000000 	 21.937663 	 21.937663 
0.000000 	 32.763225 	 32.763225 
0.000000 	 67.974337 	 67.974337 
0.000000 	 45.103455 	 45.103455 
0.000000 	 4.267751 	 4.267751 
0.000000 	 20.397689 	 20.397689 
0.000000 	 11.500319 	 11.500319 
0.000000 	 6.292966 	 6.292966 
0.000000 	 5.370669 	 5.370669 
0.000000 	 7.715484 	 7.715484 
0.000000 	 13.694368 	 13.694368 
0.000000 	 4.178532 	 4.178532 
0.000000 	 4.182532 	 4.182532 
0.000000 	 4.683237 	 4.683237 
0.000000 	 4.180442 	 4.180442 
0.000000 	 177.103432 	 177.103432 
0.000000 	 4.171767 	 4.171767 
0.000000 	 4.135205 	 4.135205 
0.000000 	 292.745658 	 292.745658 
0.000000 	 11.556278 	 11.556278 
0.000000 	 17.884170 	 17.884170 
0.000000 	 59.796908 	 59.796908 
0.000000 	 5.028321 	 5.028321 
0.000000 	 43.525074 	 43.525074 
0.000000 	 12.606076 	 12.606076 
0.000000 	 8.176109 	 8.176109 
0.000000 	 45.860319 	 45.860319 
0.000000 	 240.954026 	 240.954026 
0.000000 	 178.099877 	 178.099877 
0.000000 	 96.596523 	 96.596523 
0.000000 	 13.172491 	 13.172491 
0.000000 	 82.644261 	 82.644261 
0.000000 	 79.424850 	 79.424850 
0.000000 	 15.711661 	 15.711661 
0.000000 	 202.406680 	 202.406680 
0.000000 	 56.615640 	 56.615640 
0.000000 	 46.212685 	 46.212685 
0.000000 	 41.614312 	 41.614312 
0.000000 	 81.881965 	 81.881965 
0.000000 	 26.674669 	 26.674669 
0.000000 	 47.159105 	 47.159105 
0.000000 	 7.749899 	 7.749899 
0.000000 	 4.852859 	 4.852859 
0.000000 	 36.218101 	 36.218101 
0.000000 	 19.199512 	 19.199512 
0.000000 	 78.738363 	 78.738363 
0.000000 	 28.675516 	 28.675516 
0.000000 	 9.751644 	 9.751644 
0.000000 	 6.689827 	 6.689827 
0.000000 	 25.347915 	 25.347915 
0.000000 	 104.979886 	 104.979886 
0.000000 	 7.819758 	 7.819758 
0.000000 	 11.971093 	 11.971093 
0.000000 	 76.989364 	 76.989364 
0.000000 	 39.281531 	 39.281531 
0.000000 	 16.640010 	 16.640010 
0.000000 	 15.633945 	 15.633945 
0.000000 	 37.129422 	 37.129422 
0.000000 	 4.183976 	 4.183976 
0.000000 	 4.387062 	 4.387062 
0.000000 	 6.108080 	 6.108080 
0.000000 	 5.428952 	 5.428952 
0.000000 	 4.938572 	 4.938572 
0.000000 	 4.476583 	 4.476583 
0.000000 	 6.386420 	 6.386420 
0.000000 	 4.489639 	 4.489639 
0.000000 	 4.178893 	 4.178893 
0.000000 	 4.260527 	 4.260527 
0.000000 	 4.189777 	 4.189777 
0.000000 	 4.179969 	 4.179969 
0.000000 	 4.190408 	 4.190408 
0.000000 	 4.181473 	 4.181473 
0.000000 	 4.181466 	 4.181466 
0.000000 	 4.182864 	 4.182864 
0.000000 	 4.186951 	 4.186951 
0.000000 	 4.166538 	 4.166538 
0.000000 	 4.196882 	 4.196882 
0.000000 	 4.187340 	 4.187340 
0.000000 	 4.978362 	 4.978362 
0.000000 	 4.178900 	 4.178900 
0.000000 	 4.185169 	 4.185169 
0.000000 	 4.184893 	 4.184893 
0.000000 	 4.185751 	 4.185751 
0.000000 	 4.174791 	 4.174791 
0.000000 	 4.203293 	 4.203293 
0.000000 	 4.208995 	 4.208995 
0.000000 	 4.185354 	 4.185354 
0.000000 	 4.531992 	 4.531992 
0.000000 	 68.959830 	 68.959830 
0.000000 	 5.846117 	 5.846117 
0.000000 	 4.170716 	 4.170716 
0.000000 	 13.818431 	 13.818431 
0.000000 	 4.193584 	 4.193584 
0.000000 	 136.375707 	 136.375707 
0.000000 	 4.172184 	 4.172184 
0.000000 	 4.134402 	 4.134402 
0.000000 	 4.180565 	 4.180565 
0.000000 	 39.820132 	 39.820132 
0.000000 	 110.483694 	 110.483694 
0.000000 	 67.202831 	 67.202831 
0.000000 	 136.582252 	 136.582252 
0.000000 	 4.177275 	 4.177275 
0.000000 	 4.184981 	 4.184981 
0.000000 	 4.175277 	 4.175277 
0.000000 	 4.173291 	 4.173291 
0.000000 	 36.557294 	 36.557294 
0.000000 	 4.174956 	 4.174956 
0.000000 	 4.176383 	 4.176383 
0.000000 	 10.097092 	 10.097092 
0.000000 	 4.175292 	 4.175292 
0.000000 	 42.860788 	 42.860788 
0.000000 	 4.174665 	 4.174665 
0.000000 	 4.174560 	 4.174560 
0.000000 	 4.174886 	 4.174886 
0.000000 	 4.177322 	 4.177322 
0.000000 	 78.801274 	 78.801274 
0.000000 	 11.081968 	 11.081968 
0.000000 	 99.249368 	 99.249368 
0.000000 	 4.177113 	 4.177113 
0.000000 	 4.173717 	 4.173717 
0.000000 	 4.174655 	 4.174655 
0.000000 	 4.173878 	 4.173878 
0.000000 	 7.132788 	 7.132788 
0.000000 	 4.174382 	 4.174382 
0.000000 	 4.172634 	 4.172634 
0.000000 	 4.174984 	 4.174984 
0.000000 	 4.178346 	 4.178346 
0.000000 	 4.136753 	 4.136753 
0.000000 	 4.177438 	 4.177438 
0.000000 	 4.173974 	 4.173974 
0.000000 	 7.575280 	 7.575280 
0.000000 	 4.174990 	 4.174990 
0.000000 	 4.135620 	 4.135620 
0.000000 	 4.177025 	 4.177025 
0.000000 	 4.174848 	 4.174848 
0.000000 	 21.506453 	 21.506453 
0.000000 	 4.177024 	 4.177024 
0.000000 	 4.147754 	 4.147754 
0.000000 	 4.173849 	 4.173849 
0.000000 	 4.174021 	 4.174021 
0.000000 	 64.731188 	 64.731188 
0.000000 	 4.175082 	 4.175082 
0.000000 	 4.178790 	 4.178790 
0.000000 	 4.179903 	 4.179903 
0.000000 	 4.156296 	 4.156296 
0.000000 	 35.432815 	 35.432815 
0.000000 	 4.192668 	 4.192668 
0.000000 	 5.265461 	 5.265461 
0.000000 	 4.157686 	 4.157686 
0.000000 	 4.120659 	 4.120659 
0.000000 	 9.675713 	 9.675713 
0.000000 	 4.171597 	 4.171597 
0.000000 	 4.118204 	 4.118204 
0.000000 	 4.215244 	 4.215244 
0.000000 	 4.174687 	 4.174687 
0.000000 	 4.152149 	 4.152149 
0.000000 	 4.174605 	 4.174605 
0.000000 	 4.302822 	 4.302822 
0.000000 	 4.165684 	 4.165684 
0.000000 	 4.121451 	 4.121451 
0.000000 	 4.119333 	 4.119333 
0.000000 	 4.116541 	 4.116541 
0.000000 	 4.174475 	 4.174475 
0.000000 	 34.461851 	 34.461851 
0.000000 	 7.655112 	 7.655112 
0.000000 	 4.176689 	 4.176689 
0.000000 	 5.634498 	 5.634498 
0.000000 	 4.177260 	 4.177260 
0.000000 	 4.156296 	 4.156296 
0.000000 	 4.884444 	 4.884444 
0.000000 	 15.161453 	 15.161453 
0.000000 	 10.729187 	 10.729187 
0.000000 	 4.176905 	 4.176905 
0.000000 	 4.121705 	 4.121705 
0.000000 	 56.626214 	 56.626214 
0.000000 	 28.709577 	 28.709577 
0.000000 	 4.114931 	 4.114931 
0.000000 	 4.128684 	 4.128684 
0.000000 	 129.103423 	 129.103423 
0.000000 	 4.176950 	 4.176950 
0.000000 	 4.129012 	 4.129012 
0.000000 	 39.269862 	 39.269862 
0.000000 	 4.152975 	 4.152975 
0.000000 	 4.151472 	 4.151472 
0.000000 	 4.119827 	 4.119827 
0.000000 	 17.855107 	 17.855107 
0.000000 	 4.148006 	 4.148006 
0.000000 	 4.249859 	 4.249859 
0.000000 	 4.110168 	 4.110168 
0.000000 	 4.110667 	 4.110667 
0.000000 	 4.114422 	 4.114422 
0.000000 	 4.158081 	 4.158081 
0.000000 	 4.122800 	 4.122800 
0.000000 	 4.180490 	 4.180490 
0.000000 	 4.106196 	 4.106196 
0.000000 	 4.101175 	 4.101175 
0.000000 	 4.174604 	 4.174604 
0.000000 	 5.305402 	 5.305402 
0.000000 	 4.154697 	 4.154697 
0.000000 	 4.158413 	 4.158413 
0.000000 	 25.084496 	 25.084496 
0.000000 	 4.227837 	 4.227837 
0.000000 	 40.172099 	 40.172099 
0.000000 	 4.153453 	 4.153453 
0.000000 	 4.356523 	 4.356523 
0.000000 	 4.165659 	 4.165659 
0.000000 	 4.121715 	 4.121715 
0.000000 	 4.156991 	 4.156991 
0.000000 	 4.909403 	 4.909403 
0.000000 	 4.121893 	 4.121893 
0.000000 	 36.478947 	 36.478947 
0.000000 	 4.147301 	 4.147301 
0.000000 	 4.156711 	 4.156711 
0.000000 	 4.167204 	 4.167204 
0.000000 	 4.158602 	 4.158602 
0.000000 	 4.177027 	 4.177027 
0.000000 	 4.177792 	 4.177792 
0.000000 	 4.123767 	 4.123767 
0.000000 	 4.113243 	 4.113243 
0.000000 	 21.069629 	 21.069629 
0.000000 	 4.156623 	 4.156623 
0.000000 	 4.175135 	 4.175135 
0.000000 	 4.177129 	 4.177129 
0.000000 	 4.124836 	 4.124836 
0.000000 	 9.997154 	 9.997154 
0.000000 	 4.326536 	 4.326536 
0.000000 	 4.181147 	 4.181147 
0.000000 	 4.120720 	 4.120720 
0.000000 	 4.349740 	 4.349740 
0.000000 	 4.488826 	 4.488826 
0.000000 	 4.176369 	 4.176369 
0.000000 	 4.119848 	 4.119848 
0.000000 	 4.324447 	 4.324447 
0.000000 	 4.171381 	 4.171381 
0.000000 	 4.133909 	 4.133909 
0.000000 	 4.544473 	 4.544473 
0.000000 	 4.100846 	 4.100846 
0.000000 	 4.093088 	 4.093088 
0.000000 	 4.678909 	 4.678909 
0.000000 	 4.128224 	 4.128224 
0.000000 	 42.124656 	 42.124656 
0.000000 	 29.101860 	 29.101860 
0.000000 	 4.150200 	 4.150200 
0.000000 	 54.332253 	 54.332253 
0.000000 	 13.761679 	 13.761679 
0.000000 	 59.807601 	 59.807601 
0.000000 	 29.206587 	 29.206587 
0.000000 	 7.257336 	 7.257336 
0.000000 	 4.544929 	 4.544929 
0.000000 	 4.106204 	 4.106204 
0.000000 	 4.780514 	 4.780514 
0.000000 	 4.918100 	 4.918100 
0.000000 	 16.933544 	 16.933544 
0.000000 	 5.032528 	 5.032528 
0.000000 	 4.498480 	 4.498480 
0.000000 	 4.236035 	 4.236035 
0.000000 	 4.422473 	 4.422473 
0.000000 	 7.991598 	 7.991598 
0.000000 	 4.521880 	 4.521880 
0.000000 	 32.774247 	 32.774247 
0.000000 	 4.869587 	 4.869587 
0.000000 	 4.346538 	 4.346538 
0.000000 	 16.376431 	 16.376431 
0.000000 	 4.361022 	 4.361022 
0.000000 	 6.004433 	 6.004433 
0.000000 	 14.804195 	 14.804195 
0.000000 	 10.405931 	 10.405931 
0.000000 	 30.239636 	 30.239636 
0.000000 	 38.004178 	 38.004178 
0.000000 	 33.676003 	 33.676003 
0.000000 	 4.835096 	 4.835096 
0.000000 	 4.669561 	 4.669561 
0.000000 	 49.791051 	 49.791051 
0.000000 	 24.303286 	 24.303286 
0.000000 	 4.220398 	 4.220398 
0.000000 	 4.857088 	 4.857088 
0.000000 	 31.899797 	 31.899797 
0.000000 	 19.842106 	 19.842106 
0.000000 	 19.569329 	 19.569329 
0.000000 	 7.571433 	 7.571433 
0.000000 	 13.742808 	 13.742808 
0.000000 	 4.179954 	 4.179954 
0.000000 	 24.301121 	 24.301121 
0.000000 	 23.478273 	 23.478273 
0.000000 	 4.653642 	 4.653642 
0.000000 	 24.331419 	 24.331419 
0.000000 	 4.226597 	 4.226597 
0.000000 	 4.153436 	 4.153436 
0.000000 	 20.537070 	 20.537070 
0.000000 	 6.565656 	 6.565656 
0.000000 	 4.182545 	 4.182545 
0.000000 	 20.486009 	 20.486009 
0.000000 	 4.151780 	 4.151780 
0.000000 	 18.461947 	 18.461947 
0.000000 	 15.453106 	 15.453106 
0.000000 	 20.461795 	 20.461795 
0.000000 	 4.171932 	 4.171932 
0.000000 	 28.763570 	 28.763570 
0.000000 	 12.586224 	 12.586224 
0.000000 	 4.390165 	 4.390165 
0.000000 	 169.727091 	 169.727091 
0.000000 	 4.242239 	 4.242239 
0.000000 	 4.182192 	 4.182192 
0.000000 	 4.369948 	 4.369948 
0.000000 	 4.150541 	 4.150541 
0.000000 	 15.993786 	 15.993786 
0.000000 	 4.170114 	 4.170114 
0.000000 	 4.233402 	 4.233402 
0.000000 	 4.669561 	 4.669561 
0.000000 	 4.163515 	 4.163515 
0.000000 	 4.142049 	 4.142049 
0.000000 	 4.549548 	 4.549548 
0.000000 	 4.142277 	 4.142277 
0.000000 	 22.094818 	 22.094818 
0.000000 	 4.130047 	 4.130047 
0.000000 	 4.145266 	 4.145266 
0.000000 	 6.059933 	 6.059933 
0.000000 	 4.152353 	 4.152353 
0.000000 	 8.889803 	 8.889803 
0.000000 	 4.143480 	 4.143480 
0.000000 	 4.152279 	 4.152279 
0.000000 	 8.109457 	 8.109457 
0.000000 	 4.603654 	 4.603654 
0.000000 	 4.455402 	 4.455402 
0.000000 	 5.775760 	 5.775760 
0.000000 	 4.582740 	 4.582740 
0.000000 	 22.970225 	 22.970225 
0.000000 	 4.155973 	 4.155973 
0.000000 	 4.796365 	 4.796365 
0.000000 	 4.301243 	 4.301243 
0.000000 	 4.165156 	 4.165156 
0.000000 	 4.359108 	 4.359108 
0.000000 	 4.190381 	 4.190381 
0.000000 	 4.179172 	 4.179172 
0.000000 	 5.855335 	 5.855335 
0.000000 	 4.147291 	 4.147291 
0.000000 	 4.595604 	 4.595604 
0.000000 	 7.131711 	 7.131711 
0.000000 	 4.568209 	 4.568209 
0.000000 	 4.208428 	 4.208428 
0.000000 	 4.220339 	 4.220339 
0.000000 	 4.177729 	 4.177729 
0.000000 	 4.173714 	 4.173714 
0.000000 	 4.278696 	 4.278696 
0.000000 	 4.206286 	 4.206286 
0.000000 	 4.235102 	 4.235102 
0.000000 	 4.196860 	 4.196860 
0.000000 	 4.360049 	 4.360049 
0.000000 	 4.411314 	 4.411314 
0.000000 	 5.128201 	 5.128201 
0.000000 	 4.157159 	 4.157159 
0.000000 	 5.288393 	 5.288393 
0.000000 	 5.396014 	 5.396014 
0.000000 	 4.271127 	 4.271127 
0.000000 	 4.194641 	 4.194641 
0.000000 	 4.132219 	 4.132219 
0.000000 	 5.836854 	 5.836854 
0.000000 	 4.784160 	 4.784160 
0.000000 	 4.266583 	 4.266583 
0.000000 	 5.067089 	 5.067089 
0.000000 	 4.327341 	 4.327341 
0.000000 	 4.390627 	 4.390627 
0.000000 	 4.259418 	 4.259418 
0.000000 	 4.218254 	 4.218254 
0.000000 	 7.839409 	 7.839409 
0.000000 	 4.522172 	 4.522172 
0.000000 	 4.514174 	 4.514174 
0.000000 	 4.225890 	 4.225890 
0.000000 	 4.272342 	 4.272342 
0.000000 	 4.460998 	 4.460998 
0.000000 	 4.264665 	 4.264665 
0.000000 	 4.212906 	 4.212906 
0.000000 	 4.220953 	 4.220953 
0.000000 	 4.233654 	 4.233654 
0.000000 	 4.757753 	 4.757753 
0.000000 	 4.183598 	 4.183598 
0.000000 	 5.296873 	 5.296873 
0.000000 	 4.176659 	 4.176659 
0.000000 	 14.019188 	 14.019188 
0.000000 	 4.122376 	 4.122376 
0.000000 	 4.591379 	 4.591379 
0.000000 	 4.137463 	 4.137463 
0.000000 	 5.395389 	 5.395389 
0.000000 	 8.618947 	 8.618947 
0.000000 	 6.480479 	 6.480479 
0.000000 	 5.958868 	 5.958868 
0.000000 	 9.525259 	 9.525259 
0.000000 	 8.551183 	 8.551183 
0.000000 	 20.356854 	 20.356854 
0.000000 	 4.125906 	 4.125906 
0.000000 	 4.779736 	 4.779736 
0.000000 	 10.163461 	 10.163461 
0.000000 	 8.854745 	 8.854745 
0.000000 	 5.905136 	 5.905136 
0.000000 	 14.322125 	 14.322125 
0.000000 	 7.140618 	 7.140618 
0.000000 	 7.802720 	 7.802720 
0.000000 	 12.030798 	 12.030798 
0.000000 	 4.108918 	 4.108918 
0.000000 	 4.400385 	 4.400385 
0.000000 	 6.282264 	 6.282264 
0.000000 	 4.438068 	 4.438068 
0.000000 	 4.915377 	 4.915377 
0.000000 	 4.104297 	 4.104297 
0.000000 	 4.176439 	 4.176439 
0.000000 	 4.781230 	 4.781230 
0.000000 	 6.532559 	 6.532559 
0.000000 	 6.959061 	 6.959061 
0.000000 	 4.156884 	 4.156884 
0.000000 	 4.195290 	 4.195290 
0.000000 	 4.489448 	 4.489448 
0.000000 	 4.901643 	 4.901643 
0.000000 	 4.961658 	 4.961658 
0.000000 	 4.590929 	 4.590929 
0.000000 	 4.624040 	 4.624040 
0.000000 	 4.565979 	 4.565979 
0.000000 	 5.767534 	 5.767534 
0.000000 	 4.689716 	 4.689716 
0.000000 	 4.125269 	 4.125269 
0.000000 	 4.814738 	 4.814738 
0.000000 	 4.443703 	 4.443703 
0.000000 	 5.559713 	 5.559713 
0.000000 	 5.976187 	 5.976187 
0.000000 	 6.407025 	 6.407025 
0.000000 	 4.597315 	 4.597315 
0.000000 	 4.143529 	 4.143529 
0.000000 	 8.918326 	 8.918326 
0.000000 	 6.947821 	 6.947821 
0.000000 	 6.955317 	 6.955317 
0.000000 	 10.069701 	 10.069701 
0.000000 	 4.471870 	 4.471870 
0.000000 	 4.127498 	 4.127498 
0.000000 	 6.736005 	 6.736005 
0.000000 	 4.701680 	 4.701680 
0.000000 	 8.374171 	 8.374171 
0.000000 	 7.353144 	 7.353144 
0.000000 	 8.373814 	 8.373814 
0.000000 	 4.850733 	 4.850733 
0.000000 	 7.634141 	 7.634141 
0.000000 	 4.503067 	 4.503067 
0.000000 	 4.125001 	 4.125001 
0.000000 	 7.755857 	 7.755857 
0.000000 	 9.446156 	 9.446156 
0.000000 	 7.555225 	 7.555225 
0.000000 	 6.023665 	 6.023665 
0.000000 	 4.180864 	 4.180864 
0.000000 	 6.836848 	 6.836848 
0.000000 	 4.952630 	 4.952630 
0.000000 	 6.058309 	 6.058309 
0.000000 	 4.174809 	 4.174809 
0.000000 	 5.164666 	 5.164666 
0.000000 	 4.231775 	 4.231775 
0.000000 	 4.819285 	 4.819285 
0.000000 	 4.204123 	 4.204123 
0.000000 	 4.796945 	 4.796945 
0.000000 	 4.908257 	 4.908257 
0.000000 	 4.809848 	 4.809848 
0.000000 	 4.633127 	 4.633127 
0.000000 	 4.135403 	 4.135403 
0.000000 	 6.467965 	 6.467965 
0.000000 	 4.180725 	 4.180725 
0.000000 	 5.809634 	 5.809634 
0.000000 	 4.624941 	 4.624941 
0.000000 	 5.375390 	 5.375390 
0.000000 	 5.376089 	 5.376089 
0.000000 	 4.861513 	 4.861513 
0.000000 	 4.105533 	 4.105533 
0.000000 	 5.346421 	 5.346421 
