0.000000 	 4.269493 	 4.269493 
0.000000 	 4.154995 	 4.154995 
0.000000 	 9.126191 	 9.126191 
0.000000 	 23.797607 	 23.797607 
0.000000 	 4.150208 	 4.150208 
0.000000 	 4.151199 	 4.151199 
0.000000 	 4.150182 	 4.150182 
0.000000 	 57.174915 	 57.174915 
0.000000 	 4.381130 	 4.381130 
0.000000 	 4.152441 	 4.152441 
0.000000 	 4.155378 	 4.155378 
0.000000 	 103.843308 	 103.843308 
0.000000 	 4.148290 	 4.148290 
0.000000 	 57.125488 	 57.125488 
0.000000 	 4.152156 	 4.152156 
0.000000 	 104.207320 	 104.207320 
0.000000 	 4.311515 	 4.311515 
0.000000 	 4.148381 	 4.148381 
0.000000 	 4.170125 	 4.170125 
0.000000 	 4.188563 	 4.188563 
0.000000 	 9.058174 	 9.058174 
0.000000 	 57.278825 	 57.278825 
0.000000 	 104.192006 	 104.192006 
0.000000 	 4.163959 	 4.163959 
0.000000 	 4.169905 	 4.169905 
0.000000 	 4.149274 	 4.149274 
0.000000 	 4.438295 	 4.438295 
0.000000 	 4.162804 	 4.162804 
0.000000 	 4.158599 	 4.158599 
0.000000 	 4.170593 	 4.170593 
0.000000 	 103.848555 	 103.848555 
0.000000 	 57.065168 	 57.065168 
0.000000 	 103.828552 	 103.828552 
0.000000 	 4.165867 	 4.165867 
0.000000 	 23.526695 	 23.526695 
0.000000 	 13.626947 	 13.626947 
0.000000 	 4.206076 	 4.206076 
0.000000 	 129.475914 	 129.475914 
0.000000 	 104.028494 	 104.028494 
0.000000 	 104.103453 	 104.103453 
0.000000 	 36.835444 	 36.835444 
0.000000 	 157.188412 	 157.188412 
0.000000 	 103.845250 	 103.845250 
0.000000 	 56.712209 	 56.712209 
0.000000 	 23.397201 	 23.397201 
0.000000 	 105.053471 	 105.053471 
0.000000 	 17.826114 	 17.826114 
0.000000 	 9.841696 	 9.841696 
0.000000 	 107.884695 	 107.884695 
0.000000 	 17.793612 	 17.793612 
0.000000 	 4.176193 	 4.176193 
0.000000 	 58.391745 	 58.391745 
0.000000 	 44.375560 	 44.375560 
0.000000 	 104.121178 	 104.121178 
0.000000 	 107.671913 	 107.671913 
0.000000 	 4.154618 	 4.154618 
0.000000 	 108.220607 	 108.220607 
0.000000 	 4.160613 	 4.160613 
0.000000 	 13.640581 	 13.640581 
0.000000 	 5.942561 	 5.942561 
0.000000 	 57.064527 	 57.064527 
0.000000 	 74.273770 	 74.273770 
0.000000 	 4.152087 	 4.152087 
0.000000 	 58.857592 	 58.857592 
0.000000 	 6.208154 	 6.208154 
0.000000 	 4.176424 	 4.176424 
0.000000 	 24.234418 	 24.234418 
0.000000 	 8.995111 	 8.995111 
0.000000 	 4.191615 	 4.191615 
0.000000 	 57.486850 	 57.486850 
0.000000 	 44.343936 	 44.343936 
0.000000 	 107.994578 	 107.994578 
0.000000 	 6.541455 	 6.541455 
0.000000 	 4.174372 	 4.174372 
0.000000 	 213.323947 	 213.323947 
0.000000 	 7.590254 	 7.590254 
0.000000 	 4.162518 	 4.162518 
0.000000 	 4.144395 	 4.144395 
0.000000 	 4.165867 	 4.165867 
0.000000 	 6.055726 	 6.055726 
0.000000 	 59.032190 	 59.032190 
0.000000 	 71.997744 	 71.997744 
0.000000 	 4.282393 	 4.282393 
0.000000 	 4.179424 	 4.179424 
0.000000 	 6.431845 	 6.431845 
0.000000 	 4.220004 	 4.220004 
0.000000 	 108.732875 	 108.732875 
0.000000 	 4.471637 	 4.471637 
0.000000 	 24.053323 	 24.053323 
0.000000 	 26.271054 	 26.271054 
0.000000 	 358.177236 	 358.177236 
0.000000 	 4.392399 	 4.392399 
0.000000 	 107.709593 	 107.709593 
0.000000 	 4.281303 	 4.281303 
0.000000 	 13.126260 	 13.126260 
0.000000 	 6.836535 	 6.836535 
0.000000 	 25.523507 	 25.523507 
0.000000 	 104.199364 	 104.199364 
0.000000 	 56.756481 	 56.756481 
0.000000 	 105.373433 	 105.373433 
0.000000 	 5.487253 	 5.487253 
0.000000 	 98.179361 	 98.179361 
0.000000 	 6.362807 	 6.362807 
0.000000 	 104.071147 	 104.071147 
0.000000 	 18.894217 	 18.894217 
0.000000 	 4.669859 	 4.669859 
0.000000 	 9.095509 	 9.095509 
0.000000 	 111.277224 	 111.277224 
0.000000 	 5.025399 	 5.025399 
0.000000 	 107.242536 	 107.242536 
0.000000 	 108.277089 	 108.277089 
0.000000 	 104.362716 	 104.362716 
0.000000 	 108.881169 	 108.881169 
0.000000 	 15.319043 	 15.319043 
0.000000 	 108.851053 	 108.851053 
0.000000 	 104.361516 	 104.361516 
0.000000 	 108.522451 	 108.522451 
0.000000 	 5.026031 	 5.026031 
0.000000 	 104.160453 	 104.160453 
0.000000 	 33.639115 	 33.639115 
0.000000 	 107.599524 	 107.599524 
0.000000 	 104.543124 	 104.543124 
0.000000 	 14.356017 	 14.356017 
0.000000 	 108.160983 	 108.160983 
0.000000 	 103.957967 	 103.957967 
0.000000 	 4.368458 	 4.368458 
0.000000 	 80.820424 	 80.820424 
0.000000 	 29.215264 	 29.215264 
0.000000 	 111.083448 	 111.083448 
0.000000 	 4.267583 	 4.267583 
0.000000 	 107.494882 	 107.494882 
0.000000 	 104.456018 	 104.456018 
0.000000 	 61.957580 	 61.957580 
0.000000 	 29.021485 	 29.021485 
0.000000 	 107.452482 	 107.452482 
0.000000 	 7.077500 	 7.077500 
0.000000 	 19.549057 	 19.549057 
0.000000 	 108.363736 	 108.363736 
0.000000 	 4.283377 	 4.283377 
0.000000 	 108.244237 	 108.244237 
0.000000 	 108.118670 	 108.118670 
0.000000 	 5.857417 	 5.857417 
0.000000 	 103.980840 	 103.980840 
0.000000 	 104.264630 	 104.264630 
0.000000 	 108.010840 	 108.010840 
0.000000 	 4.310105 	 4.310105 
0.000000 	 104.364305 	 104.364305 
0.000000 	 107.499375 	 107.499375 
0.000000 	 4.262723 	 4.262723 
0.000000 	 4.269025 	 4.269025 
0.000000 	 108.160762 	 108.160762 
0.000000 	 103.972662 	 103.972662 
0.000000 	 104.040517 	 104.040517 
0.000000 	 104.012989 	 104.012989 
0.000000 	 4.286508 	 4.286508 
0.000000 	 4.928399 	 4.928399 
0.000000 	 106.120867 	 106.120867 
0.000000 	 9.119516 	 9.119516 
0.000000 	 4.301100 	 4.301100 
0.000000 	 5.626592 	 5.626592 
0.000000 	 107.599524 	 107.599524 
0.000000 	 111.083448 	 111.083448 
0.000000 	 107.879603 	 107.879603 
0.000000 	 7.519981 	 7.519981 
0.000000 	 70.112928 	 70.112928 
0.000000 	 111.346110 	 111.346110 
0.000000 	 101.865308 	 101.865308 
0.000000 	 62.899988 	 62.899988 
0.000000 	 4.544340 	 4.544340 
0.000000 	 15.328752 	 15.328752 
0.000000 	 108.121862 	 108.121862 
0.000000 	 104.340541 	 104.340541 
0.000000 	 4.954625 	 4.954625 
0.000000 	 9.996527 	 9.996527 
0.000000 	 11.695171 	 11.695171 
0.000000 	 10.348057 	 10.348057 
0.000000 	 4.208680 	 4.208680 
0.000000 	 111.927978 	 111.927978 
0.000000 	 107.742858 	 107.742858 
0.000000 	 4.671229 	 4.671229 
0.000000 	 107.511896 	 107.511896 
0.000000 	 34.815158 	 34.815158 
0.000000 	 110.025809 	 110.025809 
0.000000 	 107.340371 	 107.340371 
0.000000 	 5.248119 	 5.248119 
0.000000 	 107.326596 	 107.326596 
0.000000 	 24.637198 	 24.637198 
0.000000 	 6.135747 	 6.135747 
0.000000 	 108.775380 	 108.775380 
0.000000 	 5.434860 	 5.434860 
0.000000 	 104.313745 	 104.313745 
0.000000 	 20.492762 	 20.492762 
0.000000 	 108.475719 	 108.475719 
0.000000 	 107.228104 	 107.228104 
0.000000 	 5.194428 	 5.194428 
0.000000 	 104.069388 	 104.069388 
0.000000 	 4.176171 	 4.176171 
0.000000 	 6.784168 	 6.784168 
0.000000 	 4.186177 	 4.186177 
0.000000 	 9.739069 	 9.739069 
0.000000 	 104.280925 	 104.280925 
0.000000 	 108.098617 	 108.098617 
0.000000 	 4.896645 	 4.896645 
0.000000 	 104.058440 	 104.058440 
0.000000 	 6.345191 	 6.345191 
0.000000 	 4.377492 	 4.377492 
0.000000 	 13.182332 	 13.182332 
0.000000 	 16.366914 	 16.366914 
0.000000 	 4.651904 	 4.651904 
0.000000 	 12.819247 	 12.819247 
0.000000 	 104.103163 	 104.103163 
0.000000 	 110.738116 	 110.738116 
0.000000 	 64.986242 	 64.986242 
0.000000 	 4.379677 	 4.379677 
0.000000 	 6.375051 	 6.375051 
0.000000 	 105.240954 	 105.240954 
0.000000 	 104.178602 	 104.178602 
0.000000 	 22.767509 	 22.767509 
0.000000 	 104.143578 	 104.143578 
0.000000 	 64.837355 	 64.837355 
0.000000 	 104.348299 	 104.348299 
0.000000 	 104.293038 	 104.293038 
0.000000 	 42.320754 	 42.320754 
0.000000 	 105.263345 	 105.263345 
0.000000 	 104.150553 	 104.150553 
0.000000 	 104.152114 	 104.152114 
0.000000 	 104.561372 	 104.561372 
0.000000 	 104.337565 	 104.337565 
0.000000 	 4.136812 	 4.136812 
0.000000 	 104.519305 	 104.519305 
0.000000 	 108.082682 	 108.082682 
0.000000 	 103.926784 	 103.926784 
0.000000 	 104.147467 	 104.147467 
0.000000 	 4.164859 	 4.164859 
0.000000 	 4.145058 	 4.145058 
0.000000 	 4.161589 	 4.161589 
0.000000 	 53.879749 	 53.879749 
0.000000 	 4.191577 	 4.191577 
0.000000 	 4.150737 	 4.150737 
0.000000 	 4.150501 	 4.150501 
0.000000 	 110.794398 	 110.794398 
0.000000 	 104.026368 	 104.026368 
0.000000 	 4.140948 	 4.140948 
0.000000 	 4.227722 	 4.227722 
0.000000 	 4.149746 	 4.149746 
0.000000 	 16.655941 	 16.655941 
0.000000 	 4.196902 	 4.196902 
0.000000 	 107.062245 	 107.062245 
0.000000 	 4.673156 	 4.673156 
0.000000 	 4.238508 	 4.238508 
0.000000 	 108.310109 	 108.310109 
0.000000 	 4.144567 	 4.144567 
0.000000 	 4.177820 	 4.177820 
0.000000 	 108.134280 	 108.134280 
0.000000 	 4.209199 	 4.209199 
0.000000 	 8.104253 	 8.104253 
0.000000 	 104.306902 	 104.306902 
0.000000 	 4.195980 	 4.195980 
0.000000 	 4.156795 	 4.156795 
0.000000 	 4.151323 	 4.151323 
0.000000 	 110.134682 	 110.134682 
0.000000 	 4.228740 	 4.228740 
0.000000 	 7.948751 	 7.948751 
0.000000 	 109.556656 	 109.556656 
0.000000 	 4.155391 	 4.155391 
0.000000 	 109.628949 	 109.628949 
0.000000 	 108.915470 	 108.915470 
0.000000 	 109.765017 	 109.765017 
0.000000 	 104.105071 	 104.105071 
0.000000 	 5.872804 	 5.872804 
0.000000 	 110.821154 	 110.821154 
0.000000 	 10.831389 	 10.831389 
0.000000 	 104.205125 	 104.205125 
0.000000 	 109.440307 	 109.440307 
0.000000 	 104.098657 	 104.098657 
0.000000 	 108.995514 	 108.995514 
0.000000 	 110.483765 	 110.483765 
0.000000 	 104.017884 	 104.017884 
0.000000 	 5.391787 	 5.391787 
0.000000 	 108.440875 	 108.440875 
0.000000 	 109.586887 	 109.586887 
0.000000 	 104.051084 	 104.051084 
0.000000 	 62.550770 	 62.550770 
0.000000 	 112.404206 	 112.404206 
0.000000 	 89.545244 	 89.545244 
0.000000 	 194.264024 	 194.264024 
0.000000 	 106.875820 	 106.875820 
0.000000 	 111.954747 	 111.954747 
0.000000 	 103.879276 	 103.879276 
0.000000 	 103.938673 	 103.938673 
0.000000 	 18.764682 	 18.764682 
0.000000 	 112.742273 	 112.742273 
0.000000 	 36.845231 	 36.845231 
0.000000 	 72.042470 	 72.042470 
0.000000 	 111.188172 	 111.188172 
0.000000 	 6.567583 	 6.567583 
0.000000 	 4.178454 	 4.178454 
0.000000 	 18.653770 	 18.653770 
0.000000 	 18.347086 	 18.347086 
0.000000 	 103.983177 	 103.983177 
0.000000 	 110.457416 	 110.457416 
0.000000 	 104.438846 	 104.438846 
0.000000 	 24.093646 	 24.093646 
0.000000 	 51.431515 	 51.431515 
0.000000 	 104.105475 	 104.105475 
0.000000 	 103.986882 	 103.986882 
0.000000 	 24.644858 	 24.644858 
0.000000 	 14.051160 	 14.051160 
0.000000 	 60.300265 	 60.300265 
0.000000 	 30.157951 	 30.157951 
0.000000 	 110.048147 	 110.048147 
0.000000 	 104.189962 	 104.189962 
0.000000 	 103.991009 	 103.991009 
0.000000 	 103.777576 	 103.777576 
0.000000 	 23.927314 	 23.927314 
0.000000 	 20.190072 	 20.190072 
0.000000 	 104.176172 	 104.176172 
0.000000 	 9.841726 	 9.841726 
0.000000 	 103.982388 	 103.982388 
0.000000 	 106.799040 	 106.799040 
0.000000 	 110.797024 	 110.797024 
0.000000 	 58.885918 	 58.885918 
0.000000 	 12.544511 	 12.544511 
0.000000 	 104.052769 	 104.052769 
0.000000 	 106.592044 	 106.592044 
0.000000 	 16.142248 	 16.142248 
0.000000 	 18.445641 	 18.445641 
0.000000 	 11.825960 	 11.825960 
0.000000 	 11.579087 	 11.579087 
0.000000 	 5.179024 	 5.179024 
0.000000 	 112.404206 	 112.404206 
0.000000 	 63.000551 	 63.000551 
0.000000 	 104.327952 	 104.327952 
0.000000 	 106.778822 	 106.778822 
0.000000 	 105.598985 	 105.598985 
0.000000 	 106.728920 	 106.728920 
0.000000 	 6.039444 	 6.039444 
0.000000 	 72.865717 	 72.865717 
0.000000 	 46.110361 	 46.110361 
0.000000 	 30.002947 	 30.002947 
0.000000 	 111.093056 	 111.093056 
0.000000 	 103.964857 	 103.964857 
0.000000 	 106.820322 	 106.820322 
0.000000 	 105.975191 	 105.975191 
0.000000 	 106.652309 	 106.652309 
0.000000 	 103.931889 	 103.931889 
0.000000 	 14.584391 	 14.584391 
0.000000 	 106.633870 	 106.633870 
0.000000 	 8.648584 	 8.648584 
0.000000 	 104.056052 	 104.056052 
0.000000 	 108.754399 	 108.754399 
0.000000 	 107.214820 	 107.214820 
0.000000 	 103.935713 	 103.935713 
0.000000 	 4.442193 	 4.442193 
0.000000 	 106.895205 	 106.895205 
0.000000 	 107.196438 	 107.196438 
0.000000 	 107.484623 	 107.484623 
0.000000 	 103.864008 	 103.864008 
0.000000 	 8.002699 	 8.002699 
0.000000 	 104.770630 	 104.770630 
0.000000 	 15.804950 	 15.804950 
0.000000 	 105.667498 	 105.667498 
0.000000 	 107.109599 	 107.109599 
0.000000 	 8.374906 	 8.374906 
0.000000 	 104.683810 	 104.683810 
0.000000 	 5.243535 	 5.243535 
0.000000 	 109.648931 	 109.648931 
0.000000 	 10.415172 	 10.415172 
0.000000 	 6.475833 	 6.475833 
0.000000 	 104.309172 	 104.309172 
0.000000 	 15.493234 	 15.493234 
0.000000 	 107.187484 	 107.187484 
0.000000 	 104.571303 	 104.571303 
0.000000 	 109.225529 	 109.225529 
0.000000 	 104.819667 	 104.819667 
0.000000 	 104.161466 	 104.161466 
0.000000 	 12.852112 	 12.852112 
0.000000 	 15.464752 	 15.464752 
0.000000 	 119.643850 	 119.643850 
0.000000 	 65.757898 	 65.757898 
0.000000 	 108.681990 	 108.681990 
0.000000 	 14.722283 	 14.722283 
0.000000 	 16.767383 	 16.767383 
0.000000 	 6.969762 	 6.969762 
0.000000 	 15.456235 	 15.456235 
0.000000 	 4.193797 	 4.193797 
0.000000 	 158.623888 	 158.623888 
0.000000 	 103.937717 	 103.937717 
0.000000 	 6.285355 	 6.285355 
0.000000 	 106.604688 	 106.604688 
0.000000 	 110.027584 	 110.027584 
0.000000 	 61.291991 	 61.291991 
0.000000 	 115.376952 	 115.376952 
0.000000 	 108.917992 	 108.917992 
0.000000 	 17.508109 	 17.508109 
0.000000 	 5.715255 	 5.715255 
0.000000 	 6.602631 	 6.602631 
0.000000 	 4.766287 	 4.766287 
0.000000 	 15.195505 	 15.195505 
0.000000 	 16.944881 	 16.944881 
0.000000 	 107.170264 	 107.170264 
0.000000 	 115.074871 	 115.074871 
0.000000 	 17.467659 	 17.467659 
0.000000 	 7.307157 	 7.307157 
0.000000 	 15.379955 	 15.379955 
0.000000 	 107.624443 	 107.624443 
0.000000 	 100.696310 	 100.696310 
0.000000 	 61.140062 	 61.140062 
0.000000 	 16.682930 	 16.682930 
0.000000 	 103.908218 	 103.908218 
0.000000 	 57.480987 	 57.480987 
0.000000 	 104.778242 	 104.778242 
0.000000 	 107.119508 	 107.119508 
0.000000 	 155.979132 	 155.979132 
0.000000 	 60.695972 	 60.695972 
0.000000 	 74.176487 	 74.176487 
0.000000 	 5.455510 	 5.455510 
0.000000 	 4.369761 	 4.369761 
0.000000 	 4.291448 	 4.291448 
0.000000 	 27.169597 	 27.169597 
0.000000 	 106.668044 	 106.668044 
0.000000 	 27.604711 	 27.604711 
0.000000 	 104.152333 	 104.152333 
0.000000 	 29.020828 	 29.020828 
0.000000 	 23.469424 	 23.469424 
0.000000 	 6.371267 	 6.371267 
0.000000 	 80.162756 	 80.162756 
0.000000 	 103.966587 	 103.966587 
0.000000 	 104.214847 	 104.214847 
0.000000 	 103.887202 	 103.887202 
0.000000 	 106.693589 	 106.693589 
0.000000 	 104.410283 	 104.410283 
0.000000 	 19.881063 	 19.881063 
0.000000 	 94.026075 	 94.026075 
0.000000 	 103.905420 	 103.905420 
0.000000 	 14.510055 	 14.510055 
0.000000 	 107.626893 	 107.626893 
0.000000 	 43.742735 	 43.742735 
0.000000 	 103.974340 	 103.974340 
0.000000 	 103.953718 	 103.953718 
0.000000 	 60.653626 	 60.653626 
0.000000 	 58.916043 	 58.916043 
0.000000 	 104.055747 	 104.055747 
0.000000 	 106.646708 	 106.646708 
0.000000 	 103.966047 	 103.966047 
0.000000 	 103.991270 	 103.991270 
0.000000 	 104.464510 	 104.464510 
0.000000 	 109.327845 	 109.327845 
0.000000 	 109.023841 	 109.023841 
0.000000 	 108.359484 	 108.359484 
0.000000 	 106.737033 	 106.737033 
0.000000 	 103.882328 	 103.882328 
0.000000 	 106.490696 	 106.490696 
0.000000 	 108.999429 	 108.999429 
0.000000 	 107.484872 	 107.484872 
0.000000 	 38.300749 	 38.300749 
0.000000 	 107.938682 	 107.938682 
0.000000 	 108.859538 	 108.859538 
0.000000 	 109.137382 	 109.137382 
0.000000 	 103.970112 	 103.970112 
0.000000 	 106.940508 	 106.940508 
0.000000 	 20.210180 	 20.210180 
0.000000 	 105.840150 	 105.840150 
0.000000 	 107.727040 	 107.727040 
0.000000 	 108.210651 	 108.210651 
0.000000 	 103.841584 	 103.841584 
0.000000 	 109.208229 	 109.208229 
0.000000 	 106.490855 	 106.490855 
0.000000 	 17.908866 	 17.908866 
0.000000 	 107.721159 	 107.721159 
0.000000 	 9.813145 	 9.813145 
0.000000 	 104.164602 	 104.164602 
0.000000 	 109.153879 	 109.153879 
0.000000 	 113.466109 	 113.466109 
0.000000 	 108.538032 	 108.538032 
0.000000 	 106.784156 	 106.784156 
0.000000 	 108.130614 	 108.130614 
0.000000 	 108.858329 	 108.858329 
0.000000 	 108.639882 	 108.639882 
0.000000 	 107.014088 	 107.014088 
0.000000 	 108.571984 	 108.571984 
0.000000 	 113.430508 	 113.430508 
0.000000 	 109.088451 	 109.088451 
0.000000 	 107.513412 	 107.513412 
0.000000 	 104.397918 	 104.397918 
0.000000 	 104.136875 	 104.136875 
0.000000 	 15.922882 	 15.922882 
0.000000 	 8.139431 	 8.139431 
0.000000 	 106.727584 	 106.727584 
0.000000 	 104.113999 	 104.113999 
0.000000 	 112.464354 	 112.464354 
0.000000 	 108.157103 	 108.157103 
0.000000 	 9.515610 	 9.515610 
0.000000 	 8.496225 	 8.496225 
0.000000 	 104.091570 	 104.091570 
0.000000 	 107.907819 	 107.907819 
0.000000 	 104.047085 	 104.047085 
0.000000 	 10.196610 	 10.196610 
0.000000 	 6.503595 	 6.503595 
0.000000 	 48.496279 	 48.496279 
0.000000 	 113.026279 	 113.026279 
0.000000 	 108.599913 	 108.599913 
0.000000 	 104.090467 	 104.090467 
0.000000 	 107.839907 	 107.839907 
0.000000 	 9.440873 	 9.440873 
0.000000 	 13.381102 	 13.381102 
0.000000 	 13.947704 	 13.947704 
0.000000 	 108.093454 	 108.093454 
0.000000 	 6.790040 	 6.790040 
0.000000 	 104.056062 	 104.056062 
0.000000 	 107.867117 	 107.867117 
0.000000 	 108.787953 	 108.787953 
0.000000 	 106.390075 	 106.390075 
0.000000 	 8.366492 	 8.366492 
0.000000 	 60.356859 	 60.356859 
0.000000 	 107.562167 	 107.562167 
0.000000 	 7.002633 	 7.002633 
0.000000 	 4.891261 	 4.891261 
0.000000 	 107.504783 	 107.504783 
0.000000 	 108.149124 	 108.149124 
0.000000 	 107.766242 	 107.766242 
0.000000 	 107.488140 	 107.488140 
0.000000 	 9.567705 	 9.567705 
0.000000 	 107.660911 	 107.660911 
0.000000 	 108.157572 	 108.157572 
0.000000 	 29.062385 	 29.062385 
0.000000 	 108.479090 	 108.479090 
0.000000 	 9.051695 	 9.051695 
0.000000 	 28.246524 	 28.246524 
0.000000 	 109.550062 	 109.550062 
0.000000 	 107.781189 	 107.781189 
0.000000 	 107.796565 	 107.796565 
0.000000 	 107.658388 	 107.658388 
0.000000 	 107.990921 	 107.990921 
0.000000 	 107.684426 	 107.684426 
0.000000 	 107.137709 	 107.137709 
0.000000 	 17.668964 	 17.668964 
0.000000 	 107.793696 	 107.793696 
0.000000 	 9.209924 	 9.209924 
0.000000 	 117.023758 	 117.023758 
0.000000 	 18.431211 	 18.431211 
0.000000 	 110.403459 	 110.403459 
0.000000 	 44.033250 	 44.033250 
0.000000 	 9.532015 	 9.532015 
0.000000 	 23.980938 	 23.980938 
0.000000 	 6.693626 	 6.693626 
0.000000 	 22.535992 	 22.535992 
0.000000 	 7.230364 	 7.230364 
0.000000 	 7.274728 	 7.274728 
0.000000 	 4.548369 	 4.548369 
0.000000 	 107.658388 	 107.658388 
0.000000 	 107.684426 	 107.684426 
0.000000 	 107.793696 	 107.793696 
0.000000 	 55.879437 	 55.879437 
0.000000 	 107.297774 	 107.297774 
0.000000 	 107.655573 	 107.655573 
0.000000 	 77.909368 	 77.909368 
0.000000 	 107.400161 	 107.400161 
0.000000 	 76.509322 	 76.509322 
0.000000 	 19.398565 	 19.398565 
0.000000 	 4.403242 	 4.403242 
0.000000 	 109.506202 	 109.506202 
0.000000 	 107.957225 	 107.957225 
0.000000 	 6.258029 	 6.258029 
0.000000 	 13.207824 	 13.207824 
0.000000 	 5.324276 	 5.324276 
0.000000 	 5.412310 	 5.412310 
0.000000 	 6.745433 	 6.745433 
0.000000 	 106.095871 	 106.095871 
0.000000 	 5.504670 	 5.504670 
0.000000 	 33.089257 	 33.089257 
0.000000 	 109.499719 	 109.499719 
0.000000 	 107.210758 	 107.210758 
0.000000 	 110.313730 	 110.313730 
0.000000 	 26.540856 	 26.540856 
0.000000 	 42.077967 	 42.077967 
0.000000 	 5.665402 	 5.665402 
0.000000 	 107.986529 	 107.986529 
0.000000 	 9.030752 	 9.030752 
0.000000 	 14.278710 	 14.278710 
0.000000 	 25.466049 	 25.466049 
0.000000 	 109.369680 	 109.369680 
0.000000 	 110.434869 	 110.434869 
0.000000 	 10.318982 	 10.318982 
0.000000 	 107.465269 	 107.465269 
0.000000 	 6.872841 	 6.872841 
0.000000 	 107.299769 	 107.299769 
0.000000 	 9.921504 	 9.921504 
0.000000 	 26.844801 	 26.844801 
0.000000 	 27.876716 	 27.876716 
0.000000 	 14.363404 	 14.363404 
0.000000 	 6.488750 	 6.488750 
0.000000 	 107.890005 	 107.890005 
0.000000 	 8.841950 	 8.841950 
0.000000 	 23.155129 	 23.155129 
0.000000 	 109.839401 	 109.839401 
0.000000 	 9.989160 	 9.989160 
0.000000 	 4.434131 	 4.434131 
0.000000 	 10.931713 	 10.931713 
0.000000 	 106.796432 	 106.796432 
0.000000 	 110.524544 	 110.524544 
0.000000 	 9.480262 	 9.480262 
0.000000 	 107.333409 	 107.333409 
0.000000 	 7.873611 	 7.873611 
0.000000 	 106.960996 	 106.960996 
0.000000 	 109.594214 	 109.594214 
0.000000 	 107.659155 	 107.659155 
0.000000 	 107.296160 	 107.296160 
0.000000 	 106.120971 	 106.120971 
0.000000 	 11.375662 	 11.375662 
0.000000 	 109.950593 	 109.950593 
0.000000 	 107.494327 	 107.494327 
0.000000 	 108.597468 	 108.597468 
0.000000 	 109.064281 	 109.064281 
0.000000 	 107.278517 	 107.278517 
0.000000 	 107.077870 	 107.077870 
0.000000 	 53.821998 	 53.821998 
0.000000 	 88.651069 	 88.651069 
0.000000 	 110.247893 	 110.247893 
0.000000 	 108.512310 	 108.512310 
0.000000 	 110.182649 	 110.182649 
0.000000 	 10.206201 	 10.206201 
0.000000 	 107.061935 	 107.061935 
0.000000 	 38.690918 	 38.690918 
0.000000 	 108.271558 	 108.271558 
0.000000 	 10.574869 	 10.574869 
0.000000 	 4.305437 	 4.305437 
0.000000 	 12.404300 	 12.404300 
0.000000 	 8.647975 	 8.647975 
0.000000 	 11.142579 	 11.142579 
0.000000 	 108.078347 	 108.078347 
0.000000 	 107.369780 	 107.369780 
0.000000 	 35.176765 	 35.176765 
0.000000 	 13.364489 	 13.364489 
0.000000 	 12.086525 	 12.086525 
0.000000 	 19.831760 	 19.831760 
0.000000 	 12.100590 	 12.100590 
0.000000 	 34.369899 	 34.369899 
0.000000 	 22.803578 	 22.803578 
0.000000 	 17.552612 	 17.552612 
0.000000 	 107.655573 	 107.655573 
0.000000 	 107.960050 	 107.960050 
0.000000 	 107.391511 	 107.391511 
0.000000 	 30.109627 	 30.109627 
0.000000 	 57.822875 	 57.822875 
0.000000 	 104.518492 	 104.518492 
0.000000 	 71.941198 	 71.941198 
0.000000 	 114.496643 	 114.496643 
0.000000 	 21.850490 	 21.850490 
0.000000 	 4.213601 	 4.213601 
0.000000 	 8.982683 	 8.982683 
0.000000 	 21.725572 	 21.725572 
0.000000 	 4.329300 	 4.329300 
0.000000 	 6.463843 	 6.463843 
0.000000 	 11.570848 	 11.570848 
0.000000 	 6.488674 	 6.488674 
0.000000 	 7.218442 	 7.218442 
0.000000 	 10.435100 	 10.435100 
0.000000 	 5.466190 	 5.466190 
0.000000 	 5.167825 	 5.167825 
0.000000 	 8.634639 	 8.634639 
0.000000 	 25.555070 	 25.555070 
0.000000 	 4.330865 	 4.330865 
0.000000 	 14.101549 	 14.101549 
0.000000 	 5.273877 	 5.273877 
0.000000 	 106.050351 	 106.050351 
0.000000 	 7.094907 	 7.094907 
0.000000 	 7.949894 	 7.949894 
0.000000 	 8.149194 	 8.149194 
0.000000 	 4.619266 	 4.619266 
0.000000 	 9.734308 	 9.734308 
0.000000 	 107.699889 	 107.699889 
0.000000 	 7.301096 	 7.301096 
0.000000 	 7.525008 	 7.525008 
0.000000 	 4.505969 	 4.505969 
0.000000 	 11.249064 	 11.249064 
0.000000 	 9.099957 	 9.099957 
0.000000 	 7.248264 	 7.248264 
0.000000 	 4.371975 	 4.371975 
0.000000 	 4.380237 	 4.380237 
0.000000 	 57.650819 	 57.650819 
0.000000 	 10.165176 	 10.165176 
0.000000 	 108.571318 	 108.571318 
0.000000 	 4.259796 	 4.259796 
0.000000 	 4.264442 	 4.264442 
0.000000 	 4.221905 	 4.221905 
0.000000 	 108.330393 	 108.330393 
0.000000 	 5.925342 	 5.925342 
0.000000 	 11.532718 	 11.532718 
0.000000 	 10.323327 	 10.323327 
0.000000 	 108.112141 	 108.112141 
0.000000 	 4.303463 	 4.303463 
0.000000 	 4.205133 	 4.205133 
0.000000 	 5.683549 	 5.683549 
0.000000 	 7.990051 	 7.990051 
0.000000 	 9.444642 	 9.444642 
0.000000 	 4.193007 	 4.193007 
0.000000 	 7.885382 	 7.885382 
0.000000 	 7.928233 	 7.928233 
0.000000 	 6.724313 	 6.724313 
0.000000 	 9.518847 	 9.518847 
0.000000 	 6.577487 	 6.577487 
0.000000 	 8.758604 	 8.758604 
0.000000 	 9.047677 	 9.047677 
0.000000 	 7.844017 	 7.844017 
0.000000 	 8.232302 	 8.232302 
0.000000 	 8.436873 	 8.436873 
0.000000 	 106.847614 	 106.847614 
0.000000 	 108.352404 	 108.352404 
0.000000 	 107.506696 	 107.506696 
0.000000 	 9.899016 	 9.899016 
0.000000 	 8.784151 	 8.784151 
0.000000 	 106.771229 	 106.771229 
0.000000 	 108.210519 	 108.210519 
0.000000 	 107.592303 	 107.592303 
0.000000 	 107.065274 	 107.065274 
0.000000 	 109.045816 	 109.045816 
0.000000 	 104.319979 	 104.319979 
0.000000 	 115.996456 	 115.996456 
0.000000 	 107.521484 	 107.521484 
0.000000 	 116.082062 	 116.082062 
0.000000 	 8.951035 	 8.951035 
0.000000 	 107.076738 	 107.076738 
0.000000 	 119.119859 	 119.119859 
0.000000 	 108.166343 	 108.166343 
0.000000 	 5.290890 	 5.290890 
0.000000 	 105.988226 	 105.988226 
0.000000 	 108.625892 	 108.625892 
0.000000 	 10.783843 	 10.783843 
0.000000 	 12.714851 	 12.714851 
0.000000 	 104.356013 	 104.356013 
0.000000 	 111.254952 	 111.254952 
0.000000 	 104.442448 	 104.442448 
0.000000 	 108.291893 	 108.291893 
0.000000 	 55.110887 	 55.110887 
0.000000 	 24.350222 	 24.350222 
0.000000 	 127.181317 	 127.181317 
0.000000 	 6.611056 	 6.611056 
0.000000 	 104.315323 	 104.315323 
0.000000 	 107.320815 	 107.320815 
0.000000 	 12.681211 	 12.681211 
0.000000 	 6.074347 	 6.074347 
0.000000 	 107.948608 	 107.948608 
0.000000 	 108.492358 	 108.492358 
0.000000 	 7.121280 	 7.121280 
0.000000 	 4.271057 	 4.271057 
0.000000 	 6.618094 	 6.618094 
0.000000 	 13.578436 	 13.578436 
0.000000 	 6.069088 	 6.069088 
0.000000 	 6.012828 	 6.012828 
0.000000 	 108.741661 	 108.741661 
0.000000 	 108.589962 	 108.589962 
0.000000 	 7.922320 	 7.922320 
0.000000 	 4.652837 	 4.652837 
0.000000 	 4.915188 	 4.915188 
0.000000 	 8.334400 	 8.334400 
0.000000 	 4.188463 	 4.188463 
0.000000 	 14.983651 	 14.983651 
0.000000 	 4.871035 	 4.871035 
0.000000 	 107.489618 	 107.489618 
0.000000 	 108.680070 	 108.680070 
0.000000 	 8.389859 	 8.389859 
0.000000 	 7.165998 	 7.165998 
0.000000 	 4.291019 	 4.291019 
0.000000 	 107.499674 	 107.499674 
0.000000 	 107.266869 	 107.266869 
0.000000 	 107.420259 	 107.420259 
0.000000 	 107.166136 	 107.166136 
0.000000 	 103.968088 	 103.968088 
0.000000 	 106.497211 	 106.497211 
0.000000 	 108.612220 	 108.612220 
0.000000 	 107.973407 	 107.973407 
0.000000 	 107.696122 	 107.696122 
0.000000 	 104.077050 	 104.077050 
0.000000 	 7.813632 	 7.813632 
0.000000 	 106.944673 	 106.944673 
0.000000 	 107.244230 	 107.244230 
0.000000 	 107.592696 	 107.592696 
0.000000 	 34.539495 	 34.539495 
0.000000 	 107.715022 	 107.715022 
0.000000 	 108.195174 	 108.195174 
0.000000 	 107.643423 	 107.643423 
0.000000 	 103.972122 	 103.972122 
0.000000 	 9.493269 	 9.493269 
0.000000 	 107.708630 	 107.708630 
0.000000 	 108.338119 	 108.338119 
0.000000 	 60.241733 	 60.241733 
0.000000 	 104.232987 	 104.232987 
0.000000 	 107.885709 	 107.885709 
0.000000 	 107.540778 	 107.540778 
0.000000 	 107.759151 	 107.759151 
0.000000 	 12.421080 	 12.421080 
0.000000 	 107.492957 	 107.492957 
0.000000 	 108.320419 	 108.320419 
0.000000 	 103.969745 	 103.969745 
0.000000 	 108.316788 	 108.316788 
0.000000 	 107.713322 	 107.713322 
0.000000 	 20.059690 	 20.059690 
0.000000 	 142.006455 	 142.006455 
0.000000 	 164.467925 	 164.467925 
0.000000 	 108.841133 	 108.841133 
0.000000 	 109.060564 	 109.060564 
0.000000 	 104.509389 	 104.509389 
0.000000 	 108.222889 	 108.222889 
0.000000 	 108.748655 	 108.748655 
0.000000 	 110.147918 	 110.147918 
0.000000 	 108.139182 	 108.139182 
0.000000 	 104.093491 	 104.093491 
0.000000 	 108.973351 	 108.973351 
0.000000 	 104.762216 	 104.762216 
0.000000 	 108.221871 	 108.221871 
0.000000 	 109.040804 	 109.040804 
0.000000 	 110.289812 	 110.289812 
0.000000 	 104.046917 	 104.046917 
0.000000 	 108.694503 	 108.694503 
0.000000 	 107.255622 	 107.255622 
0.000000 	 112.537743 	 112.537743 
0.000000 	 109.200214 	 109.200214 
0.000000 	 104.073623 	 104.073623 
0.000000 	 109.647813 	 109.647813 
0.000000 	 109.017540 	 109.017540 
0.000000 	 109.391782 	 109.391782 
0.000000 	 109.005955 	 109.005955 
0.000000 	 108.299367 	 108.299367 
0.000000 	 104.014554 	 104.014554 
0.000000 	 5.383342 	 5.383342 
0.000000 	 108.745504 	 108.745504 
0.000000 	 81.487804 	 81.487804 
0.000000 	 5.980474 	 5.980474 
0.000000 	 107.834760 	 107.834760 
0.000000 	 108.619966 	 108.619966 
0.000000 	 108.611502 	 108.611502 
0.000000 	 107.144546 	 107.144546 
0.000000 	 4.292462 	 4.292462 
0.000000 	 107.472291 	 107.472291 
0.000000 	 5.899104 	 5.899104 
0.000000 	 103.952512 	 103.952512 
0.000000 	 107.961995 	 107.961995 
0.000000 	 108.414711 	 108.414711 
0.000000 	 4.247656 	 4.247656 
0.000000 	 107.698676 	 107.698676 
0.000000 	 107.937941 	 107.937941 
0.000000 	 107.579881 	 107.579881 
0.000000 	 5.817248 	 5.817248 
0.000000 	 107.524320 	 107.524320 
0.000000 	 106.971536 	 106.971536 
0.000000 	 172.996198 	 172.996198 
0.000000 	 108.540316 	 108.540316 
0.000000 	 107.608090 	 107.608090 
0.000000 	 26.189370 	 26.189370 
0.000000 	 108.678683 	 108.678683 
0.000000 	 108.934887 	 108.934887 
0.000000 	 166.146324 	 166.146324 
0.000000 	 104.109669 	 104.109669 
0.000000 	 5.670215 	 5.670215 
0.000000 	 29.530017 	 29.530017 
0.000000 	 4.219653 	 4.219653 
0.000000 	 107.401777 	 107.401777 
0.000000 	 119.643758 	 119.643758 
0.000000 	 104.256211 	 104.256211 
0.000000 	 108.678683 	 108.678683 
0.000000 	 108.934887 	 108.934887 
0.000000 	 166.146324 	 166.146324 
0.000000 	 119.643758 	 119.643758 
0.000000 	 104.256211 	 104.256211 
0.000000 	 107.569614 	 107.569614 
0.000000 	 103.863036 	 103.863036 
0.000000 	 108.133086 	 108.133086 
0.000000 	 106.940007 	 106.940007 
0.000000 	 108.100014 	 108.100014 
0.000000 	 108.300675 	 108.300675 
0.000000 	 129.036198 	 129.036198 
0.000000 	 17.189164 	 17.189164 
0.000000 	 107.246944 	 107.246944 
0.000000 	 30.093450 	 30.093450 
0.000000 	 108.806014 	 108.806014 
0.000000 	 108.504971 	 108.504971 
0.000000 	 123.197634 	 123.197634 
0.000000 	 71.387867 	 71.387867 
0.000000 	 4.695470 	 4.695470 
0.000000 	 108.563167 	 108.563167 
0.000000 	 63.514018 	 63.514018 
0.000000 	 104.048959 	 104.048959 
0.000000 	 109.073006 	 109.073006 
0.000000 	 108.666682 	 108.666682 
0.000000 	 110.471947 	 110.471947 
0.000000 	 109.568547 	 109.568547 
0.000000 	 110.835974 	 110.835974 
0.000000 	 112.393901 	 112.393901 
0.000000 	 103.922155 	 103.922155 
0.000000 	 108.015766 	 108.015766 
0.000000 	 108.766049 	 108.766049 
0.000000 	 109.128078 	 109.128078 
0.000000 	 108.379322 	 108.379322 
0.000000 	 109.461440 	 109.461440 
0.000000 	 107.092906 	 107.092906 
0.000000 	 63.464908 	 63.464908 
0.000000 	 111.649563 	 111.649563 
0.000000 	 107.435360 	 107.435360 
0.000000 	 107.193705 	 107.193705 
0.000000 	 205.558470 	 205.558470 
0.000000 	 108.097735 	 108.097735 
0.000000 	 108.749896 	 108.749896 
0.000000 	 107.921305 	 107.921305 
0.000000 	 108.048566 	 108.048566 
0.000000 	 108.986486 	 108.986486 
0.000000 	 109.078233 	 109.078233 
0.000000 	 113.685683 	 113.685683 
0.000000 	 108.213913 	 108.213913 
0.000000 	 109.763210 	 109.763210 
0.000000 	 107.045067 	 107.045067 
0.000000 	 110.612878 	 110.612878 
0.000000 	 107.279874 	 107.279874 
0.000000 	 106.689687 	 106.689687 
0.000000 	 190.070297 	 190.070297 
0.000000 	 110.302462 	 110.302462 
0.000000 	 107.348843 	 107.348843 
0.000000 	 106.186713 	 106.186713 
0.000000 	 110.201505 	 110.201505 
0.000000 	 113.584001 	 113.584001 
0.000000 	 163.736641 	 163.736641 
0.000000 	 107.942775 	 107.942775 
0.000000 	 28.870618 	 28.870618 
0.000000 	 235.681467 	 235.681467 
0.000000 	 8.403580 	 8.403580 
0.000000 	 167.270992 	 167.270992 
0.000000 	 10.312836 	 10.312836 
0.000000 	 114.205961 	 114.205961 
0.000000 	 16.738742 	 16.738742 
0.000000 	 108.873994 	 108.873994 
0.000000 	 109.540237 	 109.540237 
0.000000 	 107.705252 	 107.705252 
0.000000 	 174.237326 	 174.237326 
0.000000 	 6.297475 	 6.297475 
0.000000 	 207.762762 	 207.762762 
0.000000 	 109.377655 	 109.377655 
0.000000 	 110.793602 	 110.793602 
0.000000 	 21.860684 	 21.860684 
0.000000 	 112.081566 	 112.081566 
0.000000 	 128.700646 	 128.700646 
0.000000 	 107.705252 	 107.705252 
0.000000 	 174.237326 	 174.237326 
0.000000 	 207.762762 	 207.762762 
0.000000 	 21.860684 	 21.860684 
0.000000 	 128.700646 	 128.700646 
0.000000 	 107.161365 	 107.161365 
0.000000 	 108.577683 	 108.577683 
0.000000 	 107.460450 	 107.460450 
0.000000 	 107.075494 	 107.075494 
0.000000 	 125.881672 	 125.881672 
0.000000 	 108.523263 	 108.523263 
0.000000 	 200.302413 	 200.302413 
0.000000 	 29.274759 	 29.274759 
0.000000 	 113.510143 	 113.510143 
0.000000 	 106.367446 	 106.367446 
0.000000 	 113.177373 	 113.177373 
0.000000 	 128.145824 	 128.145824 
0.000000 	 86.123267 	 86.123267 
0.000000 	 108.144148 	 108.144148 
0.000000 	 158.947511 	 158.947511 
0.000000 	 108.305544 	 108.305544 
0.000000 	 308.025327 	 308.025327 
0.000000 	 111.357067 	 111.357067 
0.000000 	 107.971221 	 107.971221 
0.000000 	 208.175041 	 208.175041 
0.000000 	 83.977344 	 83.977344 
0.000000 	 107.213669 	 107.213669 
0.000000 	 109.478110 	 109.478110 
0.000000 	 69.749873 	 69.749873 
0.000000 	 106.662735 	 106.662735 
0.000000 	 109.467790 	 109.467790 
0.000000 	 112.067432 	 112.067432 
0.000000 	 158.721680 	 158.721680 
0.000000 	 87.300101 	 87.300101 
0.000000 	 106.840235 	 106.840235 
0.000000 	 106.902996 	 106.902996 
0.000000 	 17.035718 	 17.035718 
0.000000 	 66.936259 	 66.936259 
0.000000 	 26.400492 	 26.400492 
0.000000 	 108.224008 	 108.224008 
0.000000 	 265.787648 	 265.787648 
0.000000 	 158.448429 	 158.448429 
0.000000 	 108.296637 	 108.296637 
0.000000 	 8.987763 	 8.987763 
0.000000 	 205.492400 	 205.492400 
0.000000 	 112.599698 	 112.599698 
0.000000 	 108.777959 	 108.777959 
0.000000 	 107.860892 	 107.860892 
0.000000 	 108.366823 	 108.366823 
0.000000 	 8.687758 	 8.687758 
0.000000 	 274.171517 	 274.171517 
0.000000 	 107.711701 	 107.711701 
0.000000 	 108.624530 	 108.624530 
0.000000 	 108.319549 	 108.319549 
0.000000 	 110.123369 	 110.123369 
0.000000 	 64.595308 	 64.595308 
0.000000 	 161.312931 	 161.312931 
0.000000 	 111.237519 	 111.237519 
0.000000 	 104.197628 	 104.197628 
0.000000 	 106.837144 	 106.837144 
0.000000 	 110.010815 	 110.010815 
0.000000 	 107.577113 	 107.577113 
0.000000 	 164.881289 	 164.881289 
0.000000 	 107.238774 	 107.238774 
0.000000 	 107.704163 	 107.704163 
0.000000 	 238.288731 	 238.288731 
0.000000 	 107.994966 	 107.994966 
0.000000 	 108.945575 	 108.945575 
0.000000 	 108.012371 	 108.012371 
0.000000 	 107.798894 	 107.798894 
0.000000 	 263.077488 	 263.077488 
0.000000 	 65.064316 	 65.064316 
0.000000 	 160.889399 	 160.889399 
0.000000 	 158.581361 	 158.581361 
0.000000 	 110.656947 	 110.656947 
0.000000 	 61.385229 	 61.385229 
0.000000 	 107.253538 	 107.253538 
0.000000 	 108.209823 	 108.209823 
0.000000 	 106.935848 	 106.935848 
0.000000 	 109.295994 	 109.295994 
0.000000 	 66.528011 	 66.528011 
0.000000 	 160.936695 	 160.936695 
0.000000 	 158.509608 	 158.509608 
0.000000 	 109.897738 	 109.897738 
0.000000 	 108.264848 	 108.264848 
0.000000 	 163.746469 	 163.746469 
0.000000 	 107.279303 	 107.279303 
0.000000 	 108.143349 	 108.143349 
0.000000 	 8.421940 	 8.421940 
0.000000 	 91.948104 	 91.948104 
0.000000 	 107.113130 	 107.113130 
0.000000 	 239.991007 	 239.991007 
0.000000 	 206.673891 	 206.673891 
0.000000 	 108.105588 	 108.105588 
0.000000 	 107.516392 	 107.516392 
0.000000 	 104.223564 	 104.223564 
0.000000 	 107.894391 	 107.894391 
0.000000 	 106.944327 	 106.944327 
0.000000 	 107.552912 	 107.552912 
0.000000 	 161.422909 	 161.422909 
0.000000 	 206.139748 	 206.139748 
0.000000 	 109.113859 	 109.113859 
0.000000 	 112.374585 	 112.374585 
0.000000 	 106.671411 	 106.671411 
0.000000 	 107.055614 	 107.055614 
0.000000 	 58.360740 	 58.360740 
0.000000 	 107.447400 	 107.447400 
0.000000 	 108.488001 	 108.488001 
0.000000 	 106.537348 	 106.537348 
0.000000 	 314.049197 	 314.049197 
0.000000 	 255.857588 	 255.857588 
0.000000 	 107.948589 	 107.948589 
0.000000 	 110.053815 	 110.053815 
0.000000 	 106.701784 	 106.701784 
0.000000 	 158.177815 	 158.177815 
0.000000 	 112.017629 	 112.017629 
0.000000 	 309.728356 	 309.728356 
0.000000 	 106.673976 	 106.673976 
0.000000 	 156.018673 	 156.018673 
0.000000 	 107.003043 	 107.003043 
0.000000 	 161.266739 	 161.266739 
0.000000 	 208.488821 	 208.488821 
0.000000 	 130.067155 	 130.067155 
0.000000 	 220.473635 	 220.473635 
0.000000 	 175.666842 	 175.666842 
0.000000 	 5.889051 	 5.889051 
0.000000 	 109.459587 	 109.459587 
0.000000 	 170.892623 	 170.892623 
0.000000 	 107.961228 	 107.961228 
0.000000 	 320.961225 	 320.961225 
0.000000 	 161.184015 	 161.184015 
0.000000 	 359.833941 	 359.833941 
0.000000 	 10.935302 	 10.935302 
0.000000 	 107.995864 	 107.995864 
0.000000 	 109.445326 	 109.445326 
0.000000 	 33.883139 	 33.883139 
0.000000 	 106.214409 	 106.214409 
0.000000 	 56.523385 	 56.523385 
0.000000 	 4.302776 	 4.302776 
0.000000 	 106.781587 	 106.781587 
0.000000 	 402.765164 	 402.765164 
0.000000 	 108.779996 	 108.779996 
0.000000 	 104.604163 	 104.604163 
0.000000 	 78.286969 	 78.286969 
0.000000 	 107.188919 	 107.188919 
0.000000 	 170.469509 	 170.469509 
0.000000 	 107.454953 	 107.454953 
0.000000 	 108.493675 	 108.493675 
0.000000 	 106.926323 	 106.926323 
0.000000 	 352.282618 	 352.282618 
0.000000 	 164.289159 	 164.289159 
0.000000 	 108.913009 	 108.913009 
0.000000 	 159.383360 	 159.383360 
0.000000 	 206.226868 	 206.226868 
0.000000 	 106.612207 	 106.612207 
0.000000 	 266.118963 	 266.118963 
0.000000 	 6.250859 	 6.250859 
0.000000 	 107.475875 	 107.475875 
0.000000 	 107.444424 	 107.444424 
0.000000 	 106.213169 	 106.213169 
0.000000 	 107.512869 	 107.512869 
0.000000 	 117.121960 	 117.121960 
0.000000 	 106.678952 	 106.678952 
0.000000 	 108.793686 	 108.793686 
0.000000 	 106.583144 	 106.583144 
0.000000 	 184.255864 	 184.255864 
0.000000 	 108.375692 	 108.375692 
0.000000 	 246.329210 	 246.329210 
0.000000 	 159.662830 	 159.662830 
0.000000 	 85.921125 	 85.921125 
0.000000 	 159.554468 	 159.554468 
0.000000 	 161.729760 	 161.729760 
0.000000 	 157.921622 	 157.921622 
0.000000 	 207.000153 	 207.000153 
0.000000 	 320.788512 	 320.788512 
0.000000 	 74.357628 	 74.357628 
0.000000 	 8.403544 	 8.403544 
0.000000 	 13.584047 	 13.584047 
0.000000 	 58.736963 	 58.736963 
0.000000 	 210.179290 	 210.179290 
0.000000 	 114.585082 	 114.585082 
0.000000 	 206.545475 	 206.545475 
0.000000 	 299.622914 	 299.622914 
0.000000 	 104.033588 	 104.033588 
0.000000 	 114.434779 	 114.434779 
0.000000 	 114.781631 	 114.781631 
0.000000 	 85.745826 	 85.745826 
0.000000 	 50.207954 	 50.207954 
0.000000 	 108.791319 	 108.791319 
0.000000 	 208.754804 	 208.754804 
0.000000 	 113.364293 	 113.364293 
0.000000 	 296.772002 	 296.772002 
0.000000 	 42.422603 	 42.422603 
0.000000 	 19.653090 	 19.653090 
0.000000 	 306.383117 	 306.383117 
0.000000 	 108.088442 	 108.088442 
0.000000 	 111.473247 	 111.473247 
0.000000 	 21.799769 	 21.799769 
0.000000 	 40.778822 	 40.778822 
0.000000 	 32.833303 	 32.833303 
0.000000 	 384.591435 	 384.591435 
0.000000 	 56.708254 	 56.708254 
0.000000 	 114.953765 	 114.953765 
0.000000 	 308.086422 	 308.086422 
0.000000 	 38.350869 	 38.350869 
0.000000 	 15.503958 	 15.503958 
0.000000 	 26.520481 	 26.520481 
0.000000 	 377.458769 	 377.458769 
0.000000 	 12.660664 	 12.660664 
0.000000 	 78.298135 	 78.298135 
0.000000 	 285.270807 	 285.270807 
0.000000 	 110.100944 	 110.100944 
0.000000 	 43.086750 	 43.086750 
0.000000 	 210.503566 	 210.503566 
0.000000 	 108.349552 	 108.349552 
0.000000 	 105.063741 	 105.063741 
0.000000 	 107.258388 	 107.258388 
0.000000 	 209.685153 	 209.685153 
0.000000 	 68.113554 	 68.113554 
0.000000 	 128.706878 	 128.706878 
0.000000 	 162.561667 	 162.561667 
0.000000 	 10.981169 	 10.981169 
0.000000 	 107.226552 	 107.226552 
0.000000 	 4.182554 	 4.182554 
0.000000 	 13.557201 	 13.557201 
0.000000 	 8.302820 	 8.302820 
0.000000 	 166.448363 	 166.448363 
0.000000 	 7.149697 	 7.149697 
0.000000 	 162.217595 	 162.217595 
0.000000 	 206.584615 	 206.584615 
0.000000 	 186.803947 	 186.803947 
0.000000 	 134.433562 	 134.433562 
0.000000 	 104.188760 	 104.188760 
0.000000 	 106.575059 	 106.575059 
0.000000 	 35.140462 	 35.140462 
0.000000 	 113.867088 	 113.867088 
0.000000 	 109.322454 	 109.322454 
0.000000 	 115.581750 	 115.581750 
0.000000 	 18.540428 	 18.540428 
0.000000 	 107.882506 	 107.882506 
0.000000 	 115.450742 	 115.450742 
0.000000 	 289.219273 	 289.219273 
0.000000 	 108.489003 	 108.489003 
0.000000 	 110.143663 	 110.143663 
0.000000 	 107.779145 	 107.779145 
0.000000 	 110.323825 	 110.323825 
0.000000 	 51.942779 	 51.942779 
0.000000 	 8.827658 	 8.827658 
0.000000 	 104.033186 	 104.033186 
0.000000 	 10.113374 	 10.113374 
0.000000 	 31.132506 	 31.132506 
0.000000 	 112.223271 	 112.223271 
0.000000 	 109.734128 	 109.734128 
0.000000 	 169.750242 	 169.750242 
0.000000 	 15.022491 	 15.022491 
0.000000 	 19.009538 	 19.009538 
0.000000 	 326.375900 	 326.375900 
0.000000 	 111.051552 	 111.051552 
0.000000 	 161.973433 	 161.973433 
0.000000 	 104.181501 	 104.181501 
0.000000 	 110.013802 	 110.013802 
0.000000 	 9.285790 	 9.285790 
0.000000 	 8.029089 	 8.029089 
0.000000 	 107.702441 	 107.702441 
0.000000 	 120.574160 	 120.574160 
0.000000 	 11.979327 	 11.979327 
0.000000 	 65.833804 	 65.833804 
0.000000 	 107.704399 	 107.704399 
0.000000 	 61.969134 	 61.969134 
0.000000 	 4.465010 	 4.465010 
0.000000 	 108.168798 	 108.168798 
0.000000 	 315.754882 	 315.754882 
0.000000 	 26.892794 	 26.892794 
0.000000 	 17.630382 	 17.630382 
0.000000 	 108.801389 	 108.801389 
0.000000 	 116.941815 	 116.941815 
0.000000 	 108.476450 	 108.476450 
0.000000 	 105.289880 	 105.289880 
0.000000 	 112.830833 	 112.830833 
0.000000 	 12.562387 	 12.562387 
0.000000 	 114.990929 	 114.990929 
0.000000 	 108.456897 	 108.456897 
0.000000 	 126.818877 	 126.818877 
0.000000 	 110.969674 	 110.969674 
0.000000 	 105.530942 	 105.530942 
0.000000 	 106.834820 	 106.834820 
0.000000 	 104.721476 	 104.721476 
0.000000 	 159.780415 	 159.780415 
0.000000 	 107.847987 	 107.847987 
0.000000 	 169.881634 	 169.881634 
0.000000 	 108.877690 	 108.877690 
0.000000 	 82.931090 	 82.931090 
0.000000 	 107.997109 	 107.997109 
0.000000 	 107.803165 	 107.803165 
0.000000 	 158.936945 	 158.936945 
0.000000 	 107.480333 	 107.480333 
0.000000 	 109.001335 	 109.001335 
0.000000 	 109.317293 	 109.317293 
0.000000 	 6.411151 	 6.411151 
0.000000 	 5.989582 	 5.989582 
0.000000 	 107.712798 	 107.712798 
0.000000 	 91.210024 	 91.210024 
0.000000 	 109.589612 	 109.589612 
0.000000 	 108.141668 	 108.141668 
0.000000 	 5.685453 	 5.685453 
0.000000 	 106.505349 	 106.505349 
0.000000 	 61.348344 	 61.348344 
0.000000 	 108.472634 	 108.472634 
0.000000 	 4.157405 	 4.157405 
0.000000 	 64.831394 	 64.831394 
0.000000 	 108.877690 	 108.877690 
0.000000 	 109.001335 	 109.001335 
0.000000 	 109.317293 	 109.317293 
0.000000 	 61.908271 	 61.908271 
0.000000 	 4.157663 	 4.157663 
0.000000 	 4.147824 	 4.147824 
0.000000 	 106.661814 	 106.661814 
0.000000 	 4.149851 	 4.149851 
0.000000 	 5.147999 	 5.147999 
0.000000 	 105.965730 	 105.965730 
0.000000 	 73.138727 	 73.138727 
0.000000 	 108.728563 	 108.728563 
0.000000 	 76.994754 	 76.994754 
0.000000 	 104.853137 	 104.853137 
0.000000 	 303.251792 	 303.251792 
0.000000 	 94.846709 	 94.846709 
0.000000 	 107.403875 	 107.403875 
0.000000 	 4.142441 	 4.142441 
0.000000 	 108.579185 	 108.579185 
0.000000 	 4.120657 	 4.120657 
0.000000 	 306.563009 	 306.563009 
0.000000 	 140.184032 	 140.184032 
0.000000 	 4.139689 	 4.139689 
0.000000 	 107.085337 	 107.085337 
0.000000 	 4.866022 	 4.866022 
0.000000 	 4.304511 	 4.304511 
0.000000 	 4.996204 	 4.996204 
0.000000 	 5.394919 	 5.394919 
0.000000 	 4.309362 	 4.309362 
0.000000 	 4.183092 	 4.183092 
0.000000 	 210.947613 	 210.947613 
0.000000 	 50.346660 	 50.346660 
0.000000 	 107.359896 	 107.359896 
0.000000 	 4.129217 	 4.129217 
0.000000 	 8.231576 	 8.231576 
0.000000 	 175.677070 	 175.677070 
0.000000 	 106.590621 	 106.590621 
0.000000 	 4.116388 	 4.116388 
0.000000 	 4.103829 	 4.103829 
0.000000 	 4.147610 	 4.147610 
0.000000 	 276.216711 	 276.216711 
0.000000 	 15.694019 	 15.694019 
0.000000 	 290.998185 	 290.998185 
0.000000 	 190.398653 	 190.398653 
0.000000 	 4.099826 	 4.099826 
0.000000 	 107.556436 	 107.556436 
0.000000 	 107.531321 	 107.531321 
0.000000 	 108.437456 	 108.437456 
0.000000 	 107.343226 	 107.343226 
0.000000 	 4.098551 	 4.098551 
0.000000 	 108.204596 	 108.204596 
0.000000 	 6.072483 	 6.072483 
0.000000 	 156.985139 	 156.985139 
0.000000 	 106.185492 	 106.185492 
0.000000 	 4.116960 	 4.116960 
0.000000 	 104.214553 	 104.214553 
0.000000 	 66.347102 	 66.347102 
0.000000 	 67.325764 	 67.325764 
0.000000 	 11.712523 	 11.712523 
0.000000 	 6.750667 	 6.750667 
0.000000 	 156.508175 	 156.508175 
0.000000 	 359.411275 	 359.411275 
0.000000 	 104.284089 	 104.284089 
0.000000 	 112.066418 	 112.066418 
0.000000 	 104.921493 	 104.921493 
0.000000 	 67.514295 	 67.514295 
0.000000 	 108.477498 	 108.477498 
0.000000 	 30.665440 	 30.665440 
0.000000 	 106.868290 	 106.868290 
0.000000 	 107.006780 	 107.006780 
0.000000 	 60.071357 	 60.071357 
0.000000 	 107.586834 	 107.586834 
0.000000 	 6.522352 	 6.522352 
0.000000 	 105.952433 	 105.952433 
0.000000 	 107.320955 	 107.320955 
0.000000 	 107.356217 	 107.356217 
0.000000 	 109.943246 	 109.943246 
0.000000 	 107.304054 	 107.304054 
0.000000 	 107.930775 	 107.930775 
0.000000 	 162.302656 	 162.302656 
0.000000 	 109.387174 	 109.387174 
0.000000 	 107.670923 	 107.670923 
0.000000 	 108.479392 	 108.479392 
0.000000 	 108.468135 	 108.468135 
0.000000 	 113.729949 	 113.729949 
0.000000 	 106.825265 	 106.825265 
0.000000 	 108.605792 	 108.605792 
0.000000 	 105.976433 	 105.976433 
0.000000 	 367.494894 	 367.494894 
0.000000 	 152.622414 	 152.622414 
0.000000 	 354.573932 	 354.573932 
0.000000 	 214.730066 	 214.730066 
0.000000 	 122.965854 	 122.965854 
0.000000 	 10.181965 	 10.181965 
0.000000 	 8.730380 	 8.730380 
0.000000 	 112.039404 	 112.039404 
0.000000 	 8.604416 	 8.604416 
0.000000 	 68.892520 	 68.892520 
0.000000 	 111.222415 	 111.222415 
0.000000 	 104.710790 	 104.710790 
0.000000 	 333.037661 	 333.037661 
0.000000 	 215.890887 	 215.890887 
0.000000 	 9.875685 	 9.875685 
0.000000 	 159.658359 	 159.658359 
0.000000 	 104.725766 	 104.725766 
0.000000 	 111.806357 	 111.806357 
0.000000 	 4.839413 	 4.839413 
0.000000 	 158.256002 	 158.256002 
0.000000 	 4.158860 	 4.158860 
0.000000 	 17.628784 	 17.628784 
0.000000 	 404.659794 	 404.659794 
0.000000 	 9.058544 	 9.058544 
0.000000 	 104.930261 	 104.930261 
0.000000 	 108.269265 	 108.269265 
0.000000 	 171.662596 	 171.662596 
0.000000 	 108.446179 	 108.446179 
0.000000 	 156.533169 	 156.533169 
0.000000 	 5.155582 	 5.155582 
0.000000 	 108.468635 	 108.468635 
0.000000 	 108.456192 	 108.456192 
0.000000 	 304.936707 	 304.936707 
0.000000 	 7.712234 	 7.712234 
0.000000 	 104.754131 	 104.754131 
0.000000 	 207.628655 	 207.628655 
0.000000 	 112.558964 	 112.558964 
0.000000 	 35.093725 	 35.093725 
0.000000 	 38.769055 	 38.769055 
0.000000 	 58.202685 	 58.202685 
0.000000 	 73.823999 	 73.823999 
0.000000 	 130.135760 	 130.135760 
0.000000 	 366.122284 	 366.122284 
0.000000 	 6.370841 	 6.370841 
0.000000 	 63.855523 	 63.855523 
0.000000 	 54.038864 	 54.038864 
0.000000 	 38.499557 	 38.499557 
0.000000 	 107.422163 	 107.422163 
0.000000 	 69.191813 	 69.191813 
0.000000 	 5.518267 	 5.518267 
0.000000 	 109.862755 	 109.862755 
0.000000 	 114.392360 	 114.392360 
0.000000 	 357.661864 	 357.661864 
0.000000 	 107.346947 	 107.346947 
0.000000 	 107.995405 	 107.995405 
0.000000 	 110.765244 	 110.765244 
0.000000 	 105.603285 	 105.603285 
0.000000 	 103.935899 	 103.935899 
0.000000 	 5.320738 	 5.320738 
0.000000 	 108.174953 	 108.174953 
0.000000 	 21.312108 	 21.312108 
0.000000 	 255.562118 	 255.562118 
0.000000 	 383.211927 	 383.211927 
0.000000 	 110.629191 	 110.629191 
0.000000 	 105.173908 	 105.173908 
0.000000 	 108.056472 	 108.056472 
0.000000 	 256.374606 	 256.374606 
0.000000 	 104.548583 	 104.548583 
0.000000 	 7.517919 	 7.517919 
0.000000 	 47.542269 	 47.542269 
0.000000 	 306.979571 	 306.979571 
0.000000 	 107.953227 	 107.953227 
0.000000 	 108.808861 	 108.808861 
0.000000 	 105.294148 	 105.294148 
0.000000 	 106.995217 	 106.995217 
0.000000 	 104.308096 	 104.308096 
0.000000 	 122.531009 	 122.531009 
0.000000 	 107.918783 	 107.918783 
0.000000 	 104.102901 	 104.102901 
0.000000 	 103.991409 	 103.991409 
0.000000 	 68.620811 	 68.620811 
0.000000 	 14.707224 	 14.707224 
0.000000 	 373.970918 	 373.970918 
0.000000 	 104.565153 	 104.565153 
0.000000 	 79.090713 	 79.090713 
0.000000 	 116.370458 	 116.370458 
0.000000 	 12.556970 	 12.556970 
0.000000 	 106.109944 	 106.109944 
0.000000 	 6.539602 	 6.539602 
0.000000 	 69.712250 	 69.712250 
0.000000 	 7.026852 	 7.026852 
0.000000 	 171.232794 	 171.232794 
0.000000 	 365.455610 	 365.455610 
0.000000 	 104.469084 	 104.469084 
0.000000 	 44.222651 	 44.222651 
0.000000 	 5.324962 	 5.324962 
0.000000 	 144.114412 	 144.114412 
0.000000 	 4.650468 	 4.650468 
0.000000 	 25.729709 	 25.729709 
0.000000 	 130.941751 	 130.941751 
0.000000 	 112.032976 	 112.032976 
0.000000 	 78.845856 	 78.845856 
0.000000 	 209.255829 	 209.255829 
0.000000 	 37.127231 	 37.127231 
0.000000 	 5.912049 	 5.912049 
0.000000 	 96.780386 	 96.780386 
0.000000 	 117.718142 	 117.718142 
0.000000 	 123.830444 	 123.830444 
0.000000 	 4.591639 	 4.591639 
0.000000 	 22.336203 	 22.336203 
0.000000 	 108.681248 	 108.681248 
0.000000 	 107.831316 	 107.831316 
0.000000 	 239.573169 	 239.573169 
0.000000 	 5.904149 	 5.904149 
0.000000 	 255.762451 	 255.762451 
0.000000 	 107.825404 	 107.825404 
0.000000 	 107.495870 	 107.495870 
0.000000 	 94.724209 	 94.724209 
0.000000 	 74.589462 	 74.589462 
0.000000 	 131.170144 	 131.170144 
0.000000 	 158.646052 	 158.646052 
0.000000 	 8.864459 	 8.864459 
0.000000 	 144.069942 	 144.069942 
0.000000 	 114.386675 	 114.386675 
0.000000 	 108.834156 	 108.834156 
0.000000 	 222.070577 	 222.070577 
0.000000 	 77.465697 	 77.465697 
0.000000 	 160.067864 	 160.067864 
0.000000 	 107.815621 	 107.815621 
0.000000 	 65.412634 	 65.412634 
0.000000 	 107.181314 	 107.181314 
0.000000 	 192.110059 	 192.110059 
0.000000 	 256.270481 	 256.270481 
0.000000 	 219.371695 	 219.371695 
0.000000 	 108.839489 	 108.839489 
0.000000 	 108.257075 	 108.257075 
0.000000 	 85.963482 	 85.963482 
0.000000 	 111.730038 	 111.730038 
0.000000 	 130.951662 	 130.951662 
0.000000 	 108.025260 	 108.025260 
0.000000 	 110.793720 	 110.793720 
0.000000 	 401.201595 	 401.201595 
0.000000 	 256.083595 	 256.083595 
0.000000 	 146.649110 	 146.649110 
0.000000 	 161.504755 	 161.504755 
0.000000 	 106.653485 	 106.653485 
0.000000 	 401.169726 	 401.169726 
0.000000 	 109.085964 	 109.085964 
0.000000 	 115.036231 	 115.036231 
0.000000 	 4.902839 	 4.902839 
0.000000 	 54.753898 	 54.753898 
0.000000 	 106.763057 	 106.763057 
